result_no	generate_no	enemy_id	is_boss	area_id	advance	
20	0	388	0	11	4
20	0	387	0	3	5
20	0	384	0	9	0
