result_no	generate_no	skill_id	
5	0	145
5	0	146
5	0	147
5	0	148
5	0	149
5	0	150
5	0	151
5	0	152
5	0	153
5	0	154
5	0	155
5	0	156
5	0	157
5	0	158
5	0	159
5	0	160
5	0	161
5	0	162
5	0	163
5	0	164
5	0	165
5	0	166
5	0	167
5	0	168
5	0	169
5	0	170
5	0	171
5	0	172
5	0	173
5	0	174
5	0	175
5	0	176
5	0	177
5	0	178
5	0	179
5	0	180
5	0	181
