result_no	generate_no	e_no	order	embryo_id	is_physics	lv	
23	0	1	1 	1	1	25
23	0	1	2 	11	1	40
23	0	1	3 	5	1	10
23	0	1	4 	54	1	30
23	0	1	5 	18	1	15
23	0	1	6 	30	1	10
23	0	1	7 	34	1	15
23	0	1	8 	36	1	10
23	0	1	9 	58	1	10
23	0	2	1 	2	1	30
23	0	2	2 	12	1	5
23	0	2	3 	13	1	10
23	0	2	4 	20	0	10
23	0	2	6 	21	0	23
23	0	2	7 	23	0	10
23	0	2	8 	42	0	30
23	0	2	9 	46	1	5
23	0	2	10 	51	0	24
23	0	3	1 	3	0	20
23	0	3	2 	13	0	5
23	0	3	3 	14	0	10
23	0	3	4 	56	0	45
23	0	3	5 	55	0	5
23	0	3	6 	23	0	15
23	0	3	7 	9	0	10
23	0	3	8 	41	0	25
23	0	3	9 	27	0	30
23	0	3	10 	36	1	5
23	0	4	1 	61	1	37
23	0	4	2 	10	1	11
23	0	4	3 	8	1	25
23	0	4	4 	14	1	20
23	0	4	5 	35	1	1
23	0	4	6 	18	1	30
23	0	4	7 	58	1	5
23	0	4	8 	71	1	1
23	0	4	9 	38	1	25
23	0	4	10 	46	1	10
23	0	5	1 	4	0	25
23	0	5	2 	10	0	15
23	0	5	3 	1	0	25
23	0	5	4 	21	0	25
23	0	5	5 	50	0	25
23	0	5	6 	60	0	1
23	0	5	7 	53	0	31
23	0	5	8 	41	0	25
23	0	5	9 	62	0	1
23	0	6	1 	53	1	25
23	0	6	2 	18	1	34
23	0	6	3 	47	1	25
23	0	6	4 	13	1	25
23	0	6	5 	5	1	30
23	0	6	6 	31	1	15
23	0	6	7 	21	1	5
23	0	6	8 	33	1	5
23	0	6	9 	46	1	5
23	0	6	10 	64	1	1
23	0	7	1 	28	1	33
23	0	7	2 	2	1	25
23	0	7	3 	11	1	25
23	0	7	4 	60	1	25
23	0	7	5 	18	1	25
23	0	7	6 	63	1	5
23	0	7	7 	53	1	5
23	0	7	8 	45	0	10
23	0	7	9 	35	0	2
23	0	7	10 	56	0	4
23	0	8	1 	1	1	20
23	0	8	2 	2	1	25
23	0	8	3 	5	1	14
23	0	8	4 	30	1	30
23	0	8	5 	31	1	20
23	0	8	6 	55	1	21
23	0	8	7 	28	1	6
23	0	8	8 	62	1	1
23	0	8	9 	43	1	25
23	0	8	10 	51	1	1
23	0	9	1 	5	1	30
23	0	9	2 	2	1	25
23	0	9	3 	14	1	6
23	0	9	4 	71	1	5
23	0	9	5 	69	1	23
23	0	9	6 	62	1	5
23	0	9	7 	38	1	36
23	0	9	8 	29	1	15
23	0	9	9 	23	1	11
23	0	9	10 	47	1	7
23	0	10	1 	4	1	30
23	0	10	2 	10	1	25
23	0	10	3 	21	1	15
23	0	10	4 	32	1	37
23	0	10	5 	42	1	5
23	0	10	6 	37	1	5
23	0	10	7 	51	1	25
23	0	10	8 	55	1	10
23	0	11	1 	6	1	20
23	0	11	2 	61	1	1
23	0	11	3 	18	1	26
23	0	11	4 	74	1	1
23	0	11	5 	29	1	25
23	0	11	6 	33	1	10
23	0	11	7 	66	1	31
23	0	11	8 	39	1	25
23	0	11	9 	38	1	12
23	0	11	10 	46	1	1
23	0	12	1 	2	1	28
23	0	12	2 	52	1	3
23	0	12	3 	17	1	40
23	0	12	4 	33	1	15
23	0	12	5 	38	1	20
23	0	12	6 	62	0	15
23	0	12	7 	34	1	15
23	0	12	8 	45	0	10
23	0	12	9 	48	1	5
23	0	12	10 	56	1	10
23	0	13	1 	2	1	30
23	0	13	2 	62	0	20
23	0	13	3 	5	0	25
23	0	13	4 	20	1	25
23	0	13	5 	35	0	3
23	0	13	6 	45	0	20
23	0	13	7 	46	1	5
23	0	13	8 	31	1	25
23	0	13	9 	42	0	5
23	0	13	10 	33	1	5
23	0	16	1 	4	0	40
23	0	16	2 	7	0	25
23	0	16	3 	18	0	20
23	0	16	4 	10	0	15
23	0	16	5 	29	0	20
23	0	16	6 	50	0	15
23	0	16	7 	55	0	5
23	0	16	8 	60	0	1
23	0	16	9 	54	0	10
23	0	16	10 	52	0	17
23	0	17	1 	36	1	40
23	0	17	2 	1	1	27
23	0	17	3 	55	1	10
23	0	17	4 	47	1	15
23	0	17	5 	64	1	1
23	0	17	6 	20	1	25
23	0	17	7 	62	0	10
23	0	17	8 	31	1	20
23	0	17	9 	55	0	5
23	0	17	10 	52	1	10
23	0	19	1 	5	0	25
23	0	19	2 	3	0	10
23	0	19	3 	68	0	1
23	0	19	4 	52	0	2
23	0	19	5 	71	0	10
23	0	19	6 	22	0	37
23	0	19	7 	26	0	25
23	0	19	8 	28	0	25
23	0	19	9 	39	0	25
23	0	19	10 	61	0	5
23	0	20	1 	8	0	25
23	0	20	2 	8	1	25
23	0	20	3 	26	0	25
23	0	20	4 	33	0	36
23	0	20	5 	37	1	21
23	0	20	6 	55	0	5
23	0	20	7 	75	0	5
23	0	20	8 	64	1	2
23	0	20	9 	58	0	5
23	0	20	10 	72	1	20
23	0	21	1 	9	1	25
23	0	21	2 	7	1	25
23	0	21	3 	48	1	5
23	0	21	4 	37	1	25
23	0	21	5 	18	1	25
23	0	21	6 	52	1	1
23	0	21	7 	38	1	43
23	0	21	9 	31	1	15
23	0	22	1 	3	1	30
23	0	22	2 	29	1	25
23	0	22	3 	36	1	5
23	0	22	4 	39	1	28
23	0	22	5 	47	1	5
23	0	22	6 	56	1	40
23	0	22	7 	62	1	10
23	0	22	8 	67	1	4
23	0	23	1 	5	1	33
23	0	23	2 	71	1	19
23	0	23	3 	13	1	5
23	0	23	4 	47	1	25
23	0	23	5 	55	0	5
23	0	23	6 	76	1	1
23	0	23	7 	21	1	5
23	0	23	8 	33	1	10
23	0	23	9 	34	1	45
23	0	23	10 	52	1	25
23	0	24	1 	10	1	25
23	0	24	2 	55	1	8
23	0	24	3 	7	1	25
23	0	24	4 	38	1	25
23	0	24	5 	53	1	25
23	0	24	6 	32	1	20
23	0	24	7 	23	1	15
23	0	24	8 	11	1	20
23	0	24	9 	62	1	1
23	0	24	10 	68	1	1
23	0	25	1 	2	1	15
23	0	25	2 	10	1	30
23	0	25	3 	69	1	4
23	0	25	4 	7	1	15
23	0	25	5 	31	1	10
23	0	25	6 	38	1	25
23	0	25	7 	48	1	5
23	0	25	8 	56	1	15
23	0	25	9 	53	1	33
23	0	25	10 	64	1	5
23	0	26	1 	10	1	25
23	0	26	2 	4	1	16
23	0	26	3 	6	1	15
23	0	26	4 	3	1	10
23	0	26	5 	28	1	10
23	0	26	6 	53	1	21
23	0	26	7 	29	1	28
23	0	26	8 	34	1	15
23	0	26	9 	54	1	36
23	0	26	10 	35	0	10
23	0	27	1 	2	0	33
23	0	27	2 	30	0	25
23	0	27	3 	41	0	20
23	0	27	4 	5	0	20
23	0	27	5 	35	0	25
23	0	27	6 	32	0	15
23	0	27	7 	21	0	5
23	0	27	8 	71	0	4
23	0	27	9 	61	0	5
23	0	27	10 	68	0	10
23	0	28	1 	3	1	35
23	0	28	2 	53	1	8
23	0	28	3 	9	1	25
23	0	28	4 	18	1	25
23	0	28	5 	6	1	20
23	0	28	6 	7	1	25
23	0	28	7 	48	1	17
23	0	28	8 	61	1	1
23	0	28	9 	62	1	1
23	0	28	10 	72	1	1
23	0	29	1 	38	0	36
23	0	29	2 	11	0	26
23	0	29	3 	26	0	25
23	0	29	4 	53	0	15
23	0	29	5 	45	0	15
23	0	29	6 	5	0	25
23	0	29	7 	47	0	10
23	0	29	8 	23	0	10
23	0	29	9 	43	0	1
23	0	29	10 	46	0	1
23	0	30	1 	5	1	20
23	0	30	2 	13	1	10
23	0	30	3 	18	1	30
23	0	30	4 	30	1	25
23	0	30	5 	34	1	25
23	0	30	6 	54	1	35
23	0	30	7 	67	1	1
23	0	32	1 	8	1	34
23	0	32	2 	3	0	25
23	0	32	3 	18	1	20
23	0	32	4 	20	0	20
23	0	32	5 	32	1	16
23	0	32	7 	35	1	15
23	0	32	8 	41	0	15
23	0	32	9 	60	1	10
23	0	32	10 	62	0	5
23	0	33	1 	6	0	46
23	0	33	2 	67	0	5
23	0	33	3 	1	0	5
23	0	33	4 	22	0	25
23	0	33	5 	5	0	25
23	0	33	6 	23	0	10
23	0	33	7 	32	0	5
23	0	33	8 	38	0	20
23	0	33	9 	62	0	5
23	0	33	10 	47	0	5
23	0	34	1 	2	1	25
23	0	34	3 	7	1	18
23	0	34	4 	18	1	25
23	0	34	5 	62	0	6
23	0	34	6 	35	0	6
23	0	34	7 	28	1	25
23	0	34	8 	5	0	15
23	0	34	9 	38	1	10
23	0	34	10 	43	1	45
23	0	35	1 	2	1	25
23	0	35	2 	7	1	25
23	0	35	3 	18	1	25
23	0	35	4 	38	1	34
23	0	35	5 	32	1	15
23	0	35	6 	62	1	5
23	0	35	7 	41	1	5
23	0	35	8 	64	1	5
23	0	35	9 	35	0	10
23	0	35	10 	53	1	16
23	0	36	1 	8	1	30
23	0	36	2 	13	1	5
23	0	36	3 	18	1	30
23	0	36	4 	23	1	30
23	0	36	5 	63	1	10
23	0	37	1 	4	1	26
23	0	37	2 	11	1	20
23	0	37	3 	58	1	5
23	0	37	4 	28	1	10
23	0	37	5 	36	1	10
23	0	37	6 	38	1	25
23	0	37	7 	39	1	25
23	0	37	8 	35	1	25
23	0	37	9 	54	1	14
23	0	37	10 	47	1	1
23	0	38	1 	10	1	36
23	0	38	2 	4	1	25
23	0	38	4 	27	0	10
23	0	38	5 	33	1	10
23	0	38	6 	36	1	10
23	0	38	7 	45	1	25
23	0	38	8 	54	1	5
23	0	38	9 	61	1	41
23	0	38	10 	53	1	6
23	0	39	1 	5	1	10
23	0	39	2 	64	1	1
23	0	39	3 	62	1	1
23	0	39	4 	53	0	7
23	0	39	5 	19	1	33
23	0	39	6 	45	0	15
23	0	39	7 	21	1	15
23	0	39	8 	26	0	25
23	0	39	9 	29	1	15
23	0	39	10 	58	0	36
23	0	40	1 	2	0	35
23	0	40	2 	9	0	25
23	0	40	3 	18	0	20
23	0	40	4 	20	0	20
23	0	40	5 	32	0	20
23	0	40	6 	36	0	10
23	0	40	7 	35	0	15
23	0	40	8 	41	0	15
23	0	40	9 	60	0	12
23	0	40	10 	55	0	5
23	0	41	1 	2	1	15
23	0	41	2 	5	1	42
23	0	42	1 	56	1	20
23	0	42	2 	13	1	10
23	0	42	3 	18	1	25
23	0	42	4 	24	1	15
23	0	42	5 	26	0	15
23	0	42	6 	35	0	10
23	0	42	7 	33	1	25
23	0	42	8 	38	1	15
23	0	42	9 	12	1	10
23	0	42	10 	53	1	30
23	0	43	1 	6	1	25
23	0	43	2 	67	1	1
23	0	43	3 	25	1	25
23	0	43	4 	17	1	25
23	0	43	5 	27	1	5
23	0	43	6 	62	0	10
23	0	43	7 	38	1	15
23	0	43	8 	31	1	27
23	0	43	9 	55	0	5
23	0	43	10 	53	1	34
23	0	44	1 	10	1	30
23	0	44	2 	7	1	25
23	0	44	3 	18	1	36
23	0	44	4 	53	1	20
23	0	44	5 	8	1	20
23	0	44	6 	3	1	15
23	0	44	7 	28	1	13
23	0	44	8 	74	1	5
23	0	44	9 	30	1	7
23	0	44	10 	32	1	15
23	0	45	1 	5	0	30
23	0	45	2 	1	1	5
23	0	45	3 	27	0	36
23	0	45	4 	1	0	20
23	0	45	5 	71	0	10
23	0	45	6 	41	0	20
23	0	45	7 	46	0	6
23	0	45	8 	45	0	20
23	0	45	9 	54	0	5
23	0	45	10 	56	0	21
23	0	46	1 	6	1	17
23	0	46	2 	7	1	25
23	0	46	3 	14	1	15
23	0	46	4 	18	1	25
23	0	46	5 	31	1	15
23	0	46	6 	48	1	5
23	0	46	7 	27	1	10
23	0	46	8 	45	0	20
23	0	46	9 	38	1	25
23	0	46	10 	55	1	35
23	0	47	1 	10	1	25
23	0	47	2 	27	0	25
23	0	47	3 	61	1	15
23	0	47	4 	17	1	20
23	0	47	5 	25	1	5
23	0	47	6 	27	1	38
23	0	47	7 	62	1	10
23	0	47	8 	31	1	15
23	0	47	9 	67	1	1
23	0	47	10 	55	0	5
23	0	48	1 	1	1	30
23	0	48	2 	14	1	15
23	0	48	3 	20	1	25
23	0	48	4 	17	1	25
23	0	48	5 	28	1	11
23	0	48	6 	68	1	10
23	0	48	7 	32	1	15
23	0	48	8 	48	1	6
23	0	48	9 	60	0	11
23	0	48	10 	34	1	25
23	0	49	1 	9	0	15
23	0	49	2 	9	1	25
23	0	49	3 	8	1	10
23	0	49	4 	10	1	25
23	0	49	5 	56	1	5
23	0	49	6 	3	1	5
23	0	49	7 	44	1	40
23	0	49	8 	47	1	14
23	0	49	9 	35	0	10
23	0	50	1 	9	0	30
23	0	50	2 	47	0	10
23	0	50	3 	62	0	5
23	0	50	4 	11	0	20
23	0	50	5 	71	0	5
23	0	50	6 	20	0	33
23	0	50	7 	27	0	15
23	0	50	8 	33	0	20
23	0	50	9 	41	0	25
23	0	50	10 	46	0	5
23	0	52	1 	2	1	25
23	0	52	2 	18	1	30
23	0	52	3 	29	0	22
23	0	52	4 	33	0	5
23	0	52	5 	33	1	19
23	0	52	6 	11	1	25
23	0	52	7 	55	1	15
23	0	52	8 	56	1	5
23	0	53	1 	6	0	25
23	0	53	2 	13	0	35
23	0	53	3 	18	0	20
23	0	53	4 	29	0	25
23	0	53	5 	31	1	15
23	0	53	6 	52	0	25
23	0	53	7 	62	0	10
23	0	53	8 	68	0	10
23	0	54	1 	7	0	30
23	0	54	2 	1	0	25
23	0	54	3 	38	0	30
23	0	54	4 	47	0	25
23	0	54	5 	51	0	25
23	0	54	6 	71	0	10
23	0	54	7 	72	0	1
23	0	55	1 	10	1	25
23	0	55	2 	12	1	10
23	0	55	3 	20	1	10
23	0	55	4 	29	1	43
23	0	55	5 	56	0	25
23	0	55	6 	3	1	10
23	0	55	7 	27	0	25
23	0	55	8 	62	1	5
23	0	55	9 	41	1	17
23	0	55	10 	54	1	10
23	0	57	1 	10	1	36
23	0	57	2 	8	1	25
23	0	57	3 	56	1	5
23	0	57	4 	18	1	19
23	0	57	5 	29	1	25
23	0	57	6 	55	1	8
23	0	57	7 	32	1	10
23	0	57	8 	45	1	23
23	0	57	9 	38	1	5
23	0	58	1 	6	1	25
23	0	58	2 	11	1	25
23	0	58	3 	62	1	2
23	0	58	4 	10	1	25
23	0	58	5 	75	1	7
23	0	58	6 	35	1	37
23	0	58	7 	38	1	10
23	0	58	8 	46	1	5
23	0	58	9 	58	1	15
23	0	58	10 	63	1	10
23	0	59	1 	2	1	38
23	0	59	2 	61	1	17
23	0	59	3 	13	1	15
23	0	59	4 	5	1	10
23	0	59	5 	29	1	20
23	0	59	6 	5	0	15
23	0	59	7 	54	0	6
23	0	59	8 	38	1	25
23	0	59	9 	45	0	25
23	0	59	10 	62	1	1
23	0	61	1 	2	1	36
23	0	61	2 	15	1	25
23	0	61	3 	11	1	25
23	0	61	4 	24	1	15
23	0	61	5 	27	0	5
23	0	61	6 	35	0	10
23	0	61	7 	74	1	3
23	0	61	8 	68	1	1
23	0	61	9 	38	1	25
23	0	61	10 	46	1	25
23	0	62	1 	2	1	30
23	0	62	2 	13	1	25
23	0	62	3 	72	1	10
23	0	62	4 	28	1	10
23	0	62	5 	7	1	5
23	0	62	6 	9	0	15
23	0	62	7 	37	1	10
23	0	62	8 	46	1	20
23	0	62	9 	48	0	5
23	0	62	10 	35	0	18
23	0	63	1 	3	0	32
23	0	63	2 	14	0	15
23	0	63	3 	15	0	5
23	0	63	4 	20	0	20
23	0	63	5 	27	0	30
23	0	63	6 	48	0	15
23	0	63	7 	53	0	15
23	0	63	8 	67	0	5
23	0	63	9 	62	0	10
23	0	65	1 	11	0	20
23	0	65	2 	62	0	5
23	0	65	3 	5	0	25
23	0	65	4 	19	0	10
23	0	65	5 	56	0	25
23	0	65	6 	26	0	25
23	0	65	7 	33	0	10
23	0	65	8 	45	0	43
23	0	65	9 	71	0	5
23	0	65	10 	47	0	5
23	0	66	1 	3	0	25
23	0	66	2 	20	0	20
23	0	66	3 	21	0	25
23	0	66	4 	38	0	10
23	0	66	5 	47	0	35
23	0	66	6 	46	0	5
23	0	66	7 	35	0	10
23	0	66	8 	56	0	5
23	0	66	9 	63	0	5
23	0	66	10 	69	0	9
23	0	67	1 	1	0	39
23	0	67	2 	14	0	15
23	0	67	3 	22	0	25
23	0	67	4 	26	0	25
23	0	67	5 	70	0	1
23	0	67	6 	27	0	22
23	0	67	7 	62	0	5
23	0	67	8 	52	0	15
23	0	67	9 	45	0	10
23	0	67	10 	46	0	6
23	0	68	1 	6	1	16
23	0	68	2 	3	1	11
23	0	68	3 	62	1	1
23	0	68	4 	31	1	20
23	0	68	5 	18	1	30
23	0	68	6 	23	1	20
23	0	68	7 	33	1	16
23	0	68	8 	32	1	25
23	0	68	9 	61	1	20
23	0	68	10 	46	1	20
23	0	69	1 	12	1	15
23	0	69	2 	14	1	20
23	0	69	3 	30	1	5
23	0	69	4 	20	1	25
23	0	69	5 	63	1	10
23	0	69	6 	35	0	10
23	0	69	7 	38	1	6
23	0	69	8 	53	1	15
23	0	69	9 	69	1	15
23	0	69	10 	33	1	42
23	0	70	1 	11	1	25
23	0	70	2 	5	1	30
23	0	70	3 	38	1	5
23	0	70	4 	18	1	23
23	0	70	5 	53	1	25
23	0	70	6 	17	1	5
23	0	70	7 	55	0	5
23	0	70	8 	35	1	15
23	0	70	9 	61	1	5
23	0	70	10 	29	1	15
23	0	71	1 	8	1	45
23	0	71	2 	18	1	25
23	0	71	3 	8	0	5
23	0	71	4 	54	1	20
23	0	71	5 	53	1	20
23	0	71	6 	58	1	2
23	0	71	7 	62	1	8
23	0	72	1 	11	0	30
23	0	72	2 	58	0	1
23	0	72	3 	74	0	1
23	0	72	4 	29	0	25
23	0	72	5 	27	0	10
23	0	72	6 	70	0	10
23	0	72	7 	39	0	16
23	0	72	8 	46	0	20
23	0	72	9 	47	0	11
23	0	72	10 	60	0	36
23	0	73	1 	2	1	25
23	0	73	2 	68	1	4
23	0	73	3 	35	0	20
23	0	73	4 	11	1	25
23	0	73	5 	29	1	20
23	0	73	6 	54	1	9
23	0	73	7 	60	1	1
23	0	73	8 	34	1	16
23	0	73	9 	53	1	25
23	0	73	10 	28	1	25
23	0	75	1 	2	1	25
23	0	75	2 	15	1	10
23	0	75	3 	9	1	5
23	0	75	4 	27	1	14
23	0	75	5 	35	1	42
23	0	75	6 	31	1	15
23	0	75	7 	38	1	25
23	0	75	8 	62	1	5
23	0	75	9 	54	1	25
23	0	75	10 	64	1	5
23	0	76	1 	8	1	25
23	0	76	2 	58	1	15
23	0	76	3 	62	1	10
23	0	76	4 	17	1	20
23	0	76	5 	27	1	10
23	0	76	6 	55	0	5
23	0	76	7 	36	1	5
23	0	76	8 	38	1	36
23	0	76	9 	53	1	25
23	0	76	10 	46	1	15
23	0	77	1 	4	1	35
23	0	77	2 	10	1	30
23	0	77	3 	18	1	13
23	0	77	4 	22	1	10
23	0	77	5 	30	1	10
23	0	77	6 	36	1	20
23	0	77	7 	54	1	30
23	0	78	1 	2	1	30
23	0	78	2 	5	0	25
23	0	78	3 	63	0	5
23	0	78	4 	22	0	20
23	0	78	5 	21	0	10
23	0	78	6 	47	0	29
23	0	78	7 	26	0	25
23	0	78	8 	56	0	5
23	0	78	9 	38	0	15
23	0	79	1 	5	0	25
23	0	79	2 	47	0	14
23	0	79	3 	55	0	5
23	0	79	4 	23	0	20
23	0	79	5 	7	0	10
23	0	79	6 	29	0	25
23	0	79	7 	38	0	20
23	0	79	8 	45	0	20
23	0	79	9 	46	0	1
23	0	79	10 	53	0	21
23	0	80	1 	8	1	30
23	0	80	2 	10	1	25
23	0	80	3 	7	1	11
23	0	80	4 	46	1	10
23	0	80	5 	42	1	30
23	0	80	6 	53	1	30
23	0	80	7 	64	1	7
23	0	81	1 	7	1	25
23	0	81	2 	63	1	10
23	0	81	3 	22	1	25
23	0	81	4 	18	1	15
23	0	81	5 	53	1	10
23	0	81	6 	72	1	6
23	0	81	7 	31	1	20
23	0	81	8 	46	1	15
23	0	81	9 	33	1	20
23	0	81	10 	38	1	29
23	0	82	1 	8	0	37
23	0	82	2 	8	1	20
23	0	82	3 	1	0	10
23	0	82	4 	23	0	16
23	0	82	5 	56	0	5
23	0	82	6 	26	0	25
23	0	82	7 	7	1	25
23	0	82	8 	33	0	25
23	0	82	9 	62	0	10
23	0	82	10 	47	0	3
23	0	83	1 	6	0	20
23	0	83	2 	14	0	10
23	0	83	3 	60	0	20
23	0	83	4 	69	0	5
23	0	83	5 	5	0	15
23	0	83	6 	62	0	6
23	0	83	7 	22	0	25
23	0	83	8 	26	0	25
23	0	83	9 	27	0	15
23	0	83	10 	41	0	38
23	0	84	1 	7	1	25
23	0	84	2 	28	1	39
23	0	84	3 	6	1	25
23	0	84	4 	2	1	20
23	0	84	5 	31	1	15
23	0	84	6 	18	1	16
23	0	84	7 	70	1	10
23	0	84	8 	47	1	25
23	0	84	9 	53	1	10
23	0	84	10 	68	1	1
23	0	85	1 	32	0	25
23	0	85	2 	3	0	20
23	0	85	3 	4	0	25
23	0	85	4 	56	0	36
23	0	85	5 	62	0	16
23	0	85	6 	35	0	15
23	0	85	7 	39	0	10
23	0	85	8 	70	0	4
23	0	85	9 	10	1	10
23	0	85	10 	23	0	20
23	0	86	1 	11	1	30
23	0	86	2 	2	1	25
23	0	86	3 	29	1	30
23	0	86	4 	33	1	15
23	0	86	5 	52	1	25
23	0	86	6 	41	1	2
23	0	86	7 	47	1	1
23	0	86	8 	62	1	10
23	0	86	9 	64	1	19
23	0	87	1 	10	1	30
23	0	87	2 	4	1	10
23	0	87	3 	18	1	16
23	0	87	4 	23	1	10
23	0	87	5 	29	1	39
23	0	87	6 	62	1	9
23	0	87	7 	50	1	10
23	0	87	8 	38	1	25
23	0	87	9 	36	1	25
23	0	87	10 	54	1	6
23	0	88	1 	7	1	41
23	0	88	2 	34	1	25
23	0	88	3 	38	1	25
23	0	88	4 	55	1	25
23	0	88	5 	62	1	17
23	0	89	1 	11	1	25
23	0	89	2 	56	0	16
23	0	89	3 	13	1	25
23	0	89	4 	26	0	10
23	0	89	5 	71	1	1
23	0	89	6 	31	1	20
23	0	89	7 	5	0	10
23	0	89	8 	27	0	25
23	0	89	9 	35	0	10
23	0	89	10 	46	1	42
23	0	90	1 	3	0	25
23	0	90	2 	55	0	5
23	0	90	3 	18	0	20
23	0	90	4 	67	0	13
23	0	90	5 	54	0	5
23	0	90	6 	62	0	25
23	0	90	7 	38	0	10
23	0	90	8 	41	0	30
23	0	90	9 	48	1	5
23	0	90	10 	56	0	5
23	0	91	1 	7	1	25
23	0	91	2 	69	1	16
23	0	91	3 	24	1	25
23	0	91	4 	47	1	5
23	0	91	5 	67	1	5
23	0	91	6 	48	1	5
23	0	91	7 	74	1	1
23	0	91	8 	35	0	5
23	0	91	9 	38	1	25
23	0	91	10 	1	1	45
23	0	92	1 	8	1	25
23	0	92	2 	10	1	20
23	0	92	3 	18	1	30
23	0	92	4 	50	1	5
23	0	92	5 	37	1	25
23	0	92	6 	38	1	25
23	0	92	7 	45	1	25
23	0	92	8 	43	1	12
23	0	92	9 	62	1	5
23	0	92	10 	64	1	10
23	0	93	1 	6	1	25
23	0	93	2 	43	1	15
23	0	93	3 	62	0	9
23	0	93	4 	24	0	10
23	0	93	5 	26	1	25
23	0	93	6 	35	0	1
23	0	93	7 	33	0	10
23	0	93	8 	41	0	30
23	0	93	9 	3	0	25
23	0	93	10 	53	0	15
23	0	94	1 	5	0	25
23	0	94	2 	26	0	25
23	0	94	3 	7	0	25
23	0	94	4 	46	1	39
23	0	94	5 	47	1	25
23	0	94	6 	55	0	5
23	0	94	7 	33	0	5
23	0	94	8 	74	0	5
23	0	94	9 	67	0	1
23	0	94	10 	62	0	1
23	0	95	1 	11	0	25
23	0	95	2 	1	0	25
23	0	95	3 	5	0	20
23	0	95	4 	23	0	10
23	0	95	5 	31	0	15
23	0	95	6 	7	0	5
23	0	95	7 	38	0	30
23	0	95	8 	48	0	5
23	0	95	9 	53	0	10
23	0	95	10 	62	0	10
23	0	96	1 	11	0	30
23	0	96	2 	14	0	25
23	0	96	3 	15	0	20
23	0	96	4 	20	0	20
23	0	96	5 	43	0	25
23	0	96	6 	67	0	14
23	0	97	1 	62	0	30
23	0	97	2 	70	0	7
23	0	97	3 	11	0	20
23	0	97	4 	18	0	20
23	0	97	5 	55	0	5
23	0	97	6 	52	0	5
23	0	97	7 	36	1	25
23	0	97	8 	67	0	1
23	0	97	9 	41	0	6
23	0	97	10 	56	0	6
23	0	98	1 	11	1	20
23	0	98	2 	56	1	15
23	0	98	3 	2	1	5
23	0	98	4 	23	1	30
23	0	98	5 	20	1	5
23	0	98	6 	36	1	5
23	0	98	7 	42	1	20
23	0	98	8 	43	1	5
23	0	98	9 	46	1	30
23	0	98	10 	61	1	10
23	0	99	1 	11	1	25
23	0	99	2 	13	1	10
23	0	99	3 	22	1	41
23	0	99	4 	62	1	15
23	0	99	5 	5	1	15
23	0	99	6 	34	1	15
23	0	99	7 	36	1	10
23	0	99	8 	37	1	25
23	0	99	9 	66	1	25
23	0	99	10 	48	1	5
23	0	100	1 	7	0	30
23	0	100	2 	14	0	15
23	0	100	3 	9	0	10
23	0	100	4 	30	0	15
23	0	100	5 	31	0	25
23	0	100	6 	51	0	25
23	0	100	7 	61	1	10
23	0	100	8 	55	0	27
23	0	101	1 	1	0	25
23	0	101	2 	5	0	25
23	0	101	3 	3	0	10
23	0	101	4 	19	0	10
23	0	101	5 	47	0	25
23	0	101	6 	26	0	25
23	0	101	7 	22	0	33
23	0	101	8 	74	0	3
23	0	101	9 	52	0	5
23	0	101	10 	45	0	20
23	0	102	1 	11	0	15
23	0	102	2 	1	0	10
23	0	102	3 	5	0	10
23	0	102	4 	18	0	30
23	0	102	5 	34	0	30
23	0	102	6 	46	0	18
23	0	102	7 	60	0	10
23	0	102	8 	56	0	10
23	0	102	9 	68	0	10
23	0	102	10 	61	0	10
23	0	103	1 	8	1	20
23	0	103	2 	10	1	15
23	0	103	3 	13	1	5
23	0	103	4 	8	0	5
23	0	103	5 	18	1	50
23	0	103	6 	29	1	5
23	0	103	7 	62	1	1
23	0	103	9 	53	1	28
23	0	104	1 	6	1	25
23	0	104	2 	14	1	25
23	0	104	3 	45	1	5
23	0	104	4 	62	1	5
23	0	104	5 	31	1	25
23	0	104	6 	33	1	5
23	0	104	7 	46	1	25
23	0	104	8 	60	1	39
23	0	104	9 	47	1	5
23	0	104	10 	61	1	5
23	0	105	1 	11	0	34
23	0	105	2 	12	0	25
23	0	105	3 	18	0	20
23	0	105	4 	20	0	20
23	0	105	5 	32	0	16
23	0	105	6 	36	0	15
23	0	105	7 	35	0	15
23	0	105	8 	41	0	15
23	0	105	9 	60	0	15
23	0	105	10 	55	0	5
23	0	106	1 	2	1	33
23	0	106	2 	8	1	20
23	0	106	3 	11	1	25
23	0	106	4 	38	1	20
23	0	106	5 	10	1	10
23	0	106	6 	35	0	5
23	0	106	7 	56	1	10
23	0	106	8 	63	1	5
23	0	107	1 	2	0	21
23	0	107	2 	18	0	15
23	0	107	3 	5	0	25
23	0	107	4 	23	0	10
23	0	107	5 	56	0	10
23	0	107	6 	38	0	37
23	0	107	7 	46	0	25
23	0	107	8 	71	0	5
23	0	107	9 	55	0	5
23	0	107	10 	63	0	7
23	0	108	1 	12	0	36
23	0	108	2 	14	0	25
23	0	108	3 	67	0	5
23	0	108	4 	21	0	20
23	0	108	5 	30	0	5
23	0	108	6 	55	0	5
23	0	108	7 	61	0	11
23	0	108	8 	45	0	10
23	0	108	9 	46	0	25
23	0	108	10 	37	0	25
23	0	109	1 	1	0	30
23	0	109	2 	13	0	5
23	0	109	3 	3	0	15
23	0	109	4 	23	0	5
23	0	109	5 	31	0	20
23	0	109	6 	38	0	30
23	0	109	7 	48	0	20
23	0	109	8 	53	0	5
23	0	110	1 	4	0	15
23	0	110	2 	21	0	25
23	0	110	3 	41	0	25
23	0	110	4 	22	0	30
23	0	110	5 	35	0	25
23	0	110	6 	5	0	15
23	0	110	7 	50	0	10
23	0	110	8 	61	0	5
23	0	110	9 	62	0	10
23	0	110	10 	4	1	5
23	0	111	1 	62	0	26
23	0	111	2 	15	0	10
23	0	111	3 	58	0	5
23	0	111	4 	26	0	36
23	0	111	5 	27	0	20
23	0	111	6 	32	0	20
23	0	111	7 	53	0	10
23	0	111	8 	47	0	10
23	0	111	9 	38	0	15
23	0	111	10 	42	0	7
23	0	112	1 	10	1	25
23	0	112	2 	6	1	30
23	0	112	3 	23	1	15
23	0	112	4 	32	1	7
23	0	112	5 	50	1	15
23	0	112	6 	36	1	30
23	0	112	7 	47	1	5
23	0	112	8 	35	0	15
23	0	112	9 	56	0	15
23	0	112	10 	67	0	1
23	0	113	1 	5	1	30
23	0	113	2 	37	1	25
23	0	113	3 	9	1	10
23	0	113	4 	48	1	25
23	0	113	5 	43	1	5
23	0	113	6 	4	1	5
23	0	113	7 	58	1	5
23	0	113	8 	6	1	5
23	0	113	9 	67	1	10
23	0	114	1 	9	0	25
23	0	114	2 	13	0	25
23	0	114	3 	18	0	20
23	0	114	4 	22	0	25
23	0	114	5 	34	0	25
23	0	114	6 	55	0	8
23	0	114	7 	58	0	20
23	0	114	8 	63	0	8
23	0	115	1 	7	0	25
23	0	115	2 	3	0	27
23	0	115	3 	27	0	10
23	0	115	4 	38	0	25
23	0	115	5 	55	1	25
23	0	116	1 	1	0	30
23	0	116	2 	25	0	15
23	0	116	3 	53	0	25
23	0	116	4 	38	0	45
23	0	116	5 	27	0	15
23	0	116	6 	54	0	5
23	0	116	7 	47	0	5
23	0	116	8 	72	0	5
23	0	116	9 	70	0	5
23	0	117	1 	8	1	33
23	0	117	2 	20	1	17
23	0	117	3 	23	1	15
23	0	117	4 	30	1	25
23	0	117	5 	27	1	10
23	0	117	6 	41	1	7
23	0	117	7 	46	1	18
23	0	117	8 	6	1	6
23	0	117	9 	58	1	20
23	0	117	10 	58	0	5
23	0	118	1 	3	0	20
23	0	118	2 	67	0	4
23	0	118	3 	21	0	25
23	0	118	4 	22	0	25
23	0	118	5 	5	0	15
23	0	118	6 	38	0	25
23	0	118	7 	41	0	30
23	0	118	8 	62	0	25
23	0	118	9 	70	0	1
23	0	118	10 	56	0	1
23	0	119	1 	2	1	35
23	0	119	2 	32	1	30
23	0	119	3 	36	1	25
23	0	120	1 	2	1	30
23	0	120	2 	23	1	25
23	0	120	3 	43	1	25
23	0	120	4 	53	1	25
23	0	120	5 	32	1	20
23	0	120	6 	38	1	18
23	0	120	7 	55	1	5
23	0	120	8 	45	1	5
23	0	120	9 	68	1	5
23	0	120	10 	62	0	7
23	0	121	1 	4	1	10
23	0	121	2 	10	1	25
23	0	121	3 	3	1	16
23	0	121	4 	12	1	15
23	0	121	5 	29	1	30
23	0	121	6 	54	1	25
23	0	121	7 	55	1	38
23	0	122	1 	3	0	25
23	0	122	2 	53	0	5
23	0	122	3 	13	0	5
23	0	122	4 	5	0	10
23	0	122	5 	26	0	54
23	0	122	6 	38	0	12
23	0	122	7 	71	0	5
23	0	122	8 	73	0	20
23	0	122	9 	55	0	25
23	0	122	10 	56	0	6
23	0	123	1 	3	0	25
23	0	123	2 	15	0	5
23	0	123	3 	62	0	11
23	0	123	4 	25	0	20
23	0	123	5 	27	0	39
23	0	123	6 	35	0	25
23	0	123	7 	56	0	5
23	0	123	8 	47	0	20
23	0	123	9 	46	0	5
23	0	123	10 	54	0	5
23	0	127	1 	2	1	21
23	0	127	2 	56	1	5
23	0	127	3 	20	1	25
23	0	127	4 	62	0	5
23	0	127	5 	23	1	15
23	0	127	6 	32	1	25
23	0	127	7 	31	1	20
23	0	127	8 	55	1	25
23	0	127	9 	43	1	5
23	0	127	10 	46	1	15
23	0	129	1 	7	1	25
23	0	129	2 	6	1	10
23	0	129	3 	13	1	20
23	0	129	4 	18	1	25
23	0	129	5 	67	1	5
23	0	129	6 	61	1	10
23	0	129	7 	33	1	10
23	0	129	8 	42	1	25
23	0	129	9 	39	1	36
23	0	129	10 	53	1	17
23	0	130	1 	3	1	30
23	0	130	2 	14	1	15
23	0	130	3 	20	1	15
23	0	130	4 	37	1	35
23	0	130	5 	34	1	25
23	0	130	6 	46	1	10
23	0	130	7 	47	1	25
23	0	130	8 	48	1	10
23	0	131	1 	7	0	25
23	0	131	2 	3	0	10
23	0	131	3 	5	0	25
23	0	131	4 	22	0	15
23	0	131	5 	33	0	10
23	0	131	6 	38	0	34
23	0	131	8 	39	0	25
23	0	131	9 	51	0	25
23	0	131	10 	55	0	14
23	0	132	1 	9	0	30
23	0	132	2 	28	0	15
23	0	132	3 	5	0	15
23	0	132	4 	70	0	5
23	0	132	5 	46	0	30
23	0	132	6 	60	0	1
23	0	132	7 	55	0	15
23	0	132	8 	58	0	5
23	0	132	9 	61	0	9
23	0	132	10 	63	0	20
23	0	133	1 	11	0	25
23	0	133	2 	52	0	25
23	0	133	3 	38	0	33
23	0	133	4 	19	0	25
23	0	133	5 	26	0	25
23	0	133	6 	41	0	5
23	0	133	7 	29	0	5
23	0	133	8 	58	0	5
23	0	133	9 	71	0	17
23	0	133	10 	55	0	5
23	0	134	1 	7	1	69
23	0	135	1 	8	1	30
23	0	135	2 	10	1	10
23	0	135	3 	18	1	30
23	0	135	4 	23	1	15
23	0	135	5 	32	1	30
23	0	135	6 	28	1	20
23	0	135	7 	34	1	17
23	0	135	8 	68	1	23
23	0	138	1 	3	1	34
23	0	138	2 	13	1	21
23	0	138	3 	18	1	25
23	0	138	4 	37	1	25
23	0	138	5 	29	1	15
23	0	138	6 	9	1	20
23	0	138	7 	74	1	5
23	0	138	8 	36	1	5
23	0	138	9 	67	1	5
23	0	138	10 	48	1	15
23	0	139	1 	2	0	25
23	0	139	2 	4	0	19
23	0	139	3 	14	0	25
23	0	139	4 	72	0	15
23	0	139	5 	29	0	33
23	0	139	6 	36	0	10
23	0	139	7 	35	0	5
23	0	139	8 	45	0	16
23	0	139	9 	39	0	5
23	0	139	10 	55	0	10
23	0	140	1 	5	0	33
23	0	140	2 	7	0	25
23	0	140	3 	26	0	25
23	0	140	4 	38	0	25
23	0	140	5 	33	0	5
23	0	140	6 	22	0	22
23	0	140	7 	35	0	10
23	0	140	8 	56	0	7
23	0	140	9 	69	0	1
23	0	143	1 	6	1	34
23	0	143	2 	2	1	25
23	0	143	3 	18	1	20
23	0	143	4 	32	1	20
23	0	143	5 	36	1	15
23	0	143	6 	35	1	15
23	0	143	7 	41	1	18
23	0	143	8 	60	1	15
23	0	143	9 	62	0	10
23	0	144	1 	4	1	30
23	0	144	2 	32	1	25
23	0	144	3 	50	1	25
23	0	144	4 	54	1	22
23	0	144	5 	23	1	20
23	0	144	6 	31	1	15
23	0	144	7 	14	1	10
23	0	144	8 	35	1	5
23	0	144	9 	63	1	5
23	0	145	1 	10	1	26
23	0	145	2 	3	0	10
23	0	145	3 	62	0	25
23	0	145	4 	18	1	25
23	0	145	5 	38	1	10
23	0	145	6 	45	1	5
23	0	145	7 	3	1	15
23	0	145	8 	23	1	10
23	0	145	9 	36	1	33
23	0	145	10 	55	1	19
23	0	146	1 	10	1	30
23	0	146	2 	72	1	13
23	0	146	3 	13	1	5
23	0	146	4 	8	1	20
23	0	146	5 	18	1	31
23	0	146	6 	46	1	6
23	0	146	7 	48	1	5
23	0	146	8 	53	1	25
23	0	146	9 	61	1	1
23	0	146	10 	62	1	1
23	0	147	1 	10	0	25
23	0	147	2 	55	0	6
23	0	147	3 	62	0	10
23	0	147	4 	19	0	5
23	0	147	5 	56	0	46
23	0	147	6 	26	0	25
23	0	147	7 	3	0	5
23	0	147	8 	29	0	25
23	0	147	9 	35	0	5
23	0	147	10 	45	0	25
23	0	148	1 	9	0	30
23	0	148	2 	13	0	20
23	0	148	3 	5	0	20
23	0	148	4 	47	0	10
23	0	148	5 	63	0	27
23	0	148	6 	61	0	5
23	0	148	7 	37	0	25
23	0	148	8 	35	0	5
23	0	148	9 	50	0	10
23	0	148	10 	71	0	1
23	0	149	1 	1	0	30
23	0	149	2 	54	0	1
23	0	149	3 	21	1	5
23	0	149	4 	32	0	18
23	0	149	5 	34	1	25
23	0	149	6 	30	0	25
23	0	149	7 	41	1	25
23	0	149	8 	35	0	10
23	0	149	9 	55	0	5
23	0	149	10 	52	1	33
23	0	150	1 	62	0	30
23	0	150	2 	3	0	25
23	0	150	3 	41	0	25
23	0	150	4 	21	0	5
23	0	150	5 	5	0	18
23	0	150	6 	13	0	25
23	0	150	7 	29	0	25
23	0	150	8 	51	0	4
23	0	150	9 	74	0	4
23	0	150	10 	9	0	10
23	0	151	1 	11	0	20
23	0	151	2 	5	0	25
23	0	151	3 	1	0	5
23	0	151	4 	22	0	30
23	0	151	5 	26	0	25
23	0	151	6 	36	0	6
23	0	151	7 	38	0	44
23	0	151	8 	58	0	25
23	0	151	9 	74	0	5
23	0	151	10 	77	0	5
23	0	152	1 	2	1	25
23	0	152	2 	20	1	30
23	0	152	3 	18	1	20
23	0	152	4 	21	1	20
23	0	152	5 	10	1	25
23	0	152	6 	53	1	15
23	0	152	7 	61	1	8
23	0	153	1 	4	0	25
23	0	153	2 	11	0	25
23	0	153	3 	51	0	39
23	0	153	4 	5	0	25
23	0	153	5 	41	0	25
23	0	153	6 	62	0	10
23	0	153	7 	50	0	10
23	0	153	8 	71	0	10
23	0	153	9 	76	0	1
23	0	153	10 	67	0	1
23	0	154	1 	7	1	33
23	0	154	2 	37	1	25
23	0	154	3 	51	1	25
23	0	154	4 	48	1	21
23	0	154	5 	17	1	15
23	0	154	6 	45	1	10
23	0	154	7 	32	1	10
23	0	154	8 	31	1	5
23	0	154	9 	55	1	15
23	0	155	1 	11	1	27
23	0	155	2 	53	1	10
23	0	155	3 	34	1	20
23	0	155	4 	3	1	15
23	0	155	5 	4	1	25
23	0	155	6 	28	1	39
23	0	155	7 	35	1	15
23	0	155	8 	58	1	11
23	0	155	9 	39	1	8
23	0	155	10 	72	1	5
23	0	156	1 	11	1	25
23	0	156	2 	7	1	26
23	0	156	3 	1	1	15
23	0	156	4 	17	1	10
23	0	156	5 	38	1	20
23	0	156	6 	28	1	5
23	0	156	7 	64	1	4
23	0	156	8 	53	1	42
23	0	156	9 	45	1	20
23	0	156	10 	35	0	5
23	0	157	1 	9	1	25
23	0	157	2 	13	1	25
23	0	157	3 	18	1	15
23	0	157	4 	33	1	30
23	0	157	5 	30	1	15
23	0	157	6 	3	1	25
23	0	157	7 	37	1	10
23	0	157	8 	8	1	25
23	0	157	9 	48	1	5
23	0	157	10 	72	1	10
23	0	158	1 	6	0	25
23	0	158	2 	11	0	10
23	0	158	3 	18	0	20
23	0	158	4 	22	0	25
23	0	158	5 	54	0	17
23	0	158	6 	5	0	15
23	0	158	7 	37	0	25
23	0	158	8 	31	0	11
23	0	158	9 	45	0	20
23	0	158	10 	48	0	15
23	0	159	1 	9	1	30
23	0	159	2 	8	1	25
23	0	159	3 	14	1	25
23	0	159	4 	3	0	15
23	0	159	5 	39	1	25
23	0	159	6 	35	0	20
23	0	159	7 	67	0	12
23	0	160	1 	5	0	25
23	0	160	2 	6	0	25
23	0	160	3 	48	0	25
23	0	160	4 	46	0	25
23	0	160	5 	32	0	25
23	0	160	6 	42	0	5
23	0	160	7 	53	0	25
23	0	160	8 	61	0	5
23	0	160	9 	71	0	6
23	0	161	1 	11	0	25
23	0	161	2 	1	0	20
23	0	161	3 	20	0	20
23	0	161	4 	22	0	25
23	0	161	5 	64	0	5
23	0	161	6 	42	0	10
23	0	161	7 	38	0	20
23	0	161	8 	4	0	25
23	0	161	9 	46	0	20
23	0	162	1 	7	1	27
23	0	162	2 	55	1	16
23	0	162	3 	56	1	5
23	0	162	4 	62	1	6
23	0	162	5 	10	1	25
23	0	162	6 	50	1	10
23	0	162	7 	34	1	15
23	0	162	8 	32	1	15
23	0	162	9 	27	1	44
23	0	162	10 	38	1	10
23	0	163	1 	26	0	47
23	0	163	2 	2	1	25
23	0	163	3 	35	0	10
23	0	163	4 	56	0	15
23	0	163	5 	50	1	25
23	0	163	6 	62	1	5
23	0	163	7 	3	0	10
23	0	163	8 	36	0	5
23	0	163	9 	71	1	1
23	0	163	10 	46	1	10
23	0	164	1 	6	1	26
23	0	164	2 	9	1	25
23	0	164	3 	13	1	25
23	0	164	4 	56	1	5
23	0	164	5 	18	1	20
23	0	164	6 	22	1	25
23	0	164	7 	33	1	20
23	0	164	8 	37	1	5
23	0	164	9 	31	1	15
23	0	164	10 	48	1	12
23	0	167	1 	2	1	25
23	0	167	2 	18	1	25
23	0	167	3 	24	1	15
23	0	167	4 	33	1	25
23	0	167	5 	31	1	20
23	0	167	6 	35	1	15
23	0	167	7 	46	1	25
23	0	167	8 	60	1	19
23	0	167	9 	71	1	5
23	0	167	10 	74	1	10
23	0	169	1 	6	1	25
23	0	169	2 	2	1	11
23	0	169	3 	10	1	20
23	0	169	4 	18	1	30
23	0	169	5 	26	0	12
23	0	169	6 	41	1	25
23	0	169	7 	43	1	15
23	0	169	8 	37	1	15
23	0	169	9 	56	1	1
23	0	170	1 	10	1	30
23	0	170	2 	11	1	15
23	0	170	3 	8	1	21
23	0	170	4 	22	1	30
23	0	170	5 	18	1	30
23	0	170	6 	30	1	10
23	0	170	7 	26	1	15
23	0	170	8 	56	1	1
23	0	170	9 	35	1	5
23	0	170	10 	47	1	10
23	0	171	1 	5	0	25
23	0	171	2 	35	0	10
23	0	171	3 	62	0	10
23	0	171	4 	43	0	8
23	0	171	5 	67	0	2
23	0	171	6 	20	0	10
23	0	171	7 	28	0	40
23	0	171	8 	64	0	6
23	0	171	9 	29	0	25
23	0	171	10 	37	0	25
23	0	173	1 	8	1	30
23	0	173	2 	18	1	15
23	0	173	3 	5	0	15
23	0	173	4 	10	1	30
23	0	173	5 	46	1	24
23	0	173	6 	56	1	30
23	0	174	1 	6	1	30
23	0	174	2 	12	1	15
23	0	174	3 	14	1	25
23	0	174	4 	4	1	15
23	0	174	5 	33	1	25
23	0	174	6 	46	1	31
23	0	174	7 	74	1	2
23	0	174	8 	67	1	10
23	0	174	9 	61	1	5
23	0	174	10 	62	1	5
23	0	175	1 	1	0	30
23	0	175	2 	36	0	5
23	0	175	3 	23	0	5
23	0	175	4 	32	0	20
23	0	175	5 	6	0	25
23	0	175	6 	54	0	25
23	0	176	1 	7	1	30
23	0	176	2 	46	1	25
23	0	176	3 	17	1	20
23	0	176	4 	11	1	20
23	0	176	5 	38	1	17
23	0	176	6 	29	1	10
23	0	176	7 	27	1	15
23	0	176	8 	35	1	37
23	0	176	9 	55	1	5
23	0	176	10 	71	1	1
23	0	178	1 	2	0	30
23	0	178	2 	11	1	25
23	0	178	3 	9	0	20
23	0	178	4 	42	0	21
23	0	178	5 	48	0	20
23	0	178	6 	51	0	20
23	0	178	7 	61	0	15
23	0	179	1 	4	0	30
23	0	179	2 	1	0	20
23	0	179	3 	21	0	25
23	0	179	4 	41	0	25
23	0	179	5 	39	0	28
23	0	179	6 	50	0	15
23	0	179	7 	55	0	15
23	0	180	1 	55	1	13
23	0	180	2 	46	1	30
23	0	180	3 	14	1	20
23	0	180	4 	20	1	25
23	0	180	5 	47	1	15
23	0	180	6 	32	1	25
23	0	180	7 	29	1	15
23	0	180	8 	62	0	1
23	0	180	9 	68	1	1
23	0	180	10 	53	1	1
23	0	181	1 	6	0	20
23	0	181	2 	1	0	20
23	0	181	3 	20	0	29
23	0	181	4 	5	0	20
23	0	181	5 	47	0	20
23	0	181	6 	46	0	30
23	0	182	1 	3	1	30
23	0	182	2 	10	1	25
23	0	182	3 	12	1	21
23	0	182	4 	32	0	16
23	0	182	5 	39	1	21
23	0	182	6 	56	1	25
23	0	182	7 	35	1	15
23	0	182	8 	61	1	6
23	0	183	1 	27	0	45
23	0	183	2 	56	0	22
23	0	183	3 	62	0	10
23	0	183	4 	12	0	25
23	0	183	5 	14	0	25
23	0	183	6 	15	0	25
23	0	183	7 	61	0	5
23	0	183	8 	55	0	5
23	0	183	9 	46	0	5
23	0	183	10 	38	0	5
23	0	184	1 	4	1	25
23	0	184	2 	2	1	20
23	0	184	3 	13	1	25
23	0	184	4 	7	1	25
23	0	184	5 	20	1	25
23	0	184	6 	45	1	32
23	0	184	7 	28	1	10
23	0	184	8 	62	1	5
23	0	184	9 	50	1	25
23	0	184	10 	67	1	5
23	0	185	1 	11	0	21
23	0	185	3 	7	0	25
23	0	185	4 	21	0	23
23	0	185	5 	26	0	8
23	0	185	6 	27	0	20
23	0	185	7 	38	0	20
23	0	185	8 	64	0	2
23	0	185	9 	56	0	31
23	0	185	10 	60	0	20
23	0	186	1 	3	0	34
23	0	186	2 	62	0	15
23	0	186	3 	23	0	20
23	0	186	4 	5	0	25
23	0	186	5 	56	0	1
23	0	186	6 	63	0	1
23	0	186	7 	39	0	6
23	0	186	8 	35	0	20
23	0	186	9 	54	0	25
23	0	186	10 	52	0	5
23	0	187	1 	27	0	5
23	0	187	2 	26	0	25
23	0	187	3 	28	0	39
23	0	187	4 	9	0	25
23	0	187	5 	38	0	30
23	0	187	6 	41	0	12
23	0	187	7 	62	0	4
23	0	187	8 	69	0	1
23	0	187	9 	58	0	5
23	0	187	10 	56	0	15
23	0	188	1 	2	1	20
23	0	188	2 	7	1	15
23	0	188	3 	18	1	30
23	0	188	4 	5	1	14
23	0	188	5 	31	1	15
23	0	188	6 	36	1	15
23	0	188	7 	38	1	30
23	0	188	8 	56	1	9
23	0	188	9 	53	1	21
23	0	189	1 	6	1	36
23	0	189	2 	1	0	27
23	0	189	3 	14	1	15
23	0	189	4 	7	1	15
23	0	190	1 	11	0	20
23	0	190	2 	12	0	25
23	0	190	3 	33	0	25
23	0	190	4 	18	0	15
23	0	190	5 	31	1	20
23	0	190	6 	31	0	21
23	0	190	7 	38	0	5
23	0	190	8 	46	0	15
23	0	190	9 	63	0	10
23	0	190	10 	61	0	27
23	0	191	1 	2	1	30
23	0	191	2 	4	1	10
23	0	191	3 	33	1	25
23	0	191	4 	61	1	8
23	0	191	5 	28	1	25
23	0	191	6 	50	1	25
23	0	191	7 	70	1	10
23	0	191	8 	46	1	5
23	0	191	9 	68	1	1
23	0	191	10 	58	1	5
23	0	192	1 	5	0	25
23	0	192	2 	61	0	1
23	0	192	3 	7	1	19
23	0	192	4 	17	0	25
23	0	192	5 	63	1	10
23	0	192	6 	47	1	25
23	0	192	7 	61	1	1
23	0	192	8 	31	1	43
23	0	192	9 	35	0	10
23	0	192	10 	46	1	13
23	0	193	1 	5	1	46
23	0	193	2 	18	1	15
23	0	193	3 	23	1	15
23	0	193	4 	26	1	15
23	0	193	5 	8	1	25
23	0	193	6 	38	1	5
23	0	193	7 	39	1	5
23	0	193	8 	47	1	5
23	0	193	9 	56	1	20
23	0	194	1 	7	1	25
23	0	194	2 	1	1	20
23	0	194	3 	53	1	30
23	0	194	4 	18	1	25
23	0	194	5 	62	1	5
23	0	194	6 	8	1	21
23	0	194	7 	32	1	15
23	0	194	8 	38	1	10
23	0	194	9 	39	1	20
23	0	194	10 	70	1	4
23	0	195	1 	10	1	20
23	0	195	2 	8	1	20
23	0	195	3 	18	1	25
23	0	195	4 	1	1	5
23	0	195	5 	29	1	10
23	0	195	6 	53	1	39
23	0	195	7 	62	1	5
23	0	195	8 	32	1	27
23	0	195	9 	45	1	6
23	0	195	10 	54	1	12
23	0	196	1 	2	1	20
23	0	196	2 	5	1	10
23	0	196	3 	13	1	15
23	0	196	4 	18	1	25
23	0	196	5 	27	1	10
23	0	196	6 	70	1	32
23	0	196	7 	35	1	10
23	0	196	8 	38	1	30
23	0	196	9 	52	1	10
23	0	196	10 	53	1	25
23	0	197	1 	1	1	30
23	0	197	2 	6	1	10
23	0	197	3 	7	1	25
23	0	197	4 	10	1	5
23	0	197	5 	32	1	15
23	0	197	6 	39	1	25
23	0	197	7 	56	1	5
23	0	197	8 	7	0	15
23	0	197	9 	38	1	25
23	0	197	10 	64	1	5
23	0	198	1 	3	0	25
23	0	198	2 	17	0	15
23	0	198	3 	25	0	20
23	0	198	4 	27	0	25
23	0	198	5 	35	0	44
23	0	198	6 	15	0	5
23	0	198	7 	47	0	5
23	0	198	8 	56	0	5
23	0	198	9 	62	0	15
23	0	199	1 	11	0	35
23	0	199	2 	13	0	16
23	0	199	3 	18	0	15
23	0	199	4 	23	0	20
23	0	199	5 	26	0	15
23	0	199	6 	38	0	15
23	0	199	7 	39	0	15
23	0	199	8 	35	0	15
23	0	199	9 	56	0	15
23	0	200	1 	2	1	25
23	0	200	2 	18	1	15
23	0	200	3 	12	1	10
23	0	200	4 	74	1	1
23	0	200	5 	35	0	10
23	0	200	6 	29	1	20
23	0	200	7 	31	1	40
23	0	200	8 	28	1	25
23	0	200	9 	46	1	15
23	0	200	10 	68	1	16
23	0	201	1 	8	1	30
23	0	201	2 	18	1	33
23	0	201	3 	47	1	25
23	0	201	4 	7	1	9
23	0	201	5 	64	1	18
23	0	202	1 	10	1	30
23	0	202	2 	33	1	30
23	0	202	3 	13	1	20
23	0	202	4 	14	1	15
23	0	202	5 	3	1	15
23	0	202	6 	21	1	10
23	0	202	7 	54	1	25
23	0	202	8 	67	1	12
23	0	202	9 	68	1	5
23	0	204	1 	7	1	25
23	0	204	2 	9	1	25
23	0	204	3 	58	1	4
23	0	204	4 	17	1	25
23	0	204	5 	23	1	7
23	0	204	6 	27	1	39
23	0	204	7 	41	1	25
23	0	204	8 	42	1	10
23	0	204	9 	62	1	5
23	0	204	10 	52	1	4
23	0	205	1 	10	1	25
23	0	205	2 	14	1	20
23	0	205	3 	72	1	1
23	0	205	4 	61	1	17
23	0	205	5 	18	1	25
23	0	205	6 	32	1	25
23	0	205	7 	27	1	23
23	0	205	8 	30	1	10
23	0	205	9 	70	1	1
23	0	205	10 	39	1	25
23	0	206	1 	3	0	30
23	0	206	2 	21	0	25
23	0	206	3 	32	0	25
23	0	206	4 	37	0	25
23	0	206	5 	48	0	5
23	0	206	6 	56	0	5
23	0	206	7 	51	1	10
23	0	206	8 	55	0	10
23	0	206	9 	55	1	5
23	0	206	10 	62	0	10
23	0	209	1 	5	1	46
23	0	209	2 	8	1	25
23	0	209	3 	23	1	5
23	0	209	4 	27	1	5
23	0	209	5 	32	1	25
23	0	209	6 	55	1	5
23	0	209	7 	38	1	5
23	0	209	8 	60	1	11
23	0	209	9 	46	1	25
23	0	209	10 	47	1	20
23	0	210	1 	11	1	30
23	0	210	2 	17	1	25
23	0	210	3 	48	1	5
23	0	210	4 	69	1	2
23	0	210	5 	29	1	25
23	0	210	6 	35	0	5
23	0	210	7 	36	1	25
23	0	210	8 	37	1	25
23	0	210	9 	38	1	15
23	0	210	10 	67	1	10
23	0	212	1 	11	1	33
23	0	212	2 	23	1	25
23	0	212	3 	27	1	25
23	0	212	4 	38	1	25
23	0	212	5 	3	0	5
23	0	212	6 	39	1	25
23	0	212	7 	56	0	4
23	0	212	8 	53	1	11
23	0	213	1 	11	0	31
23	0	213	2 	22	0	25
23	0	213	3 	38	0	25
23	0	213	4 	67	0	5
23	0	213	5 	9	0	25
23	0	213	6 	51	0	1
23	0	213	7 	56	0	5
23	0	213	8 	63	0	29
23	0	213	9 	74	0	5
23	0	215	1 	2	1	30
23	0	215	2 	14	1	20
23	0	215	3 	55	0	5
23	0	215	4 	18	1	25
23	0	215	5 	67	1	5
23	0	215	6 	31	1	43
23	0	215	7 	32	1	10
23	0	215	8 	46	1	10
23	0	215	9 	71	1	10
23	0	215	10 	38	1	15
23	0	216	1 	1	1	45
23	0	216	2 	11	1	21
23	0	217	1 	1	0	25
23	0	217	2 	7	0	10
23	0	217	3 	18	0	25
23	0	217	4 	17	0	20
23	0	217	5 	28	0	25
23	0	217	6 	47	0	10
23	0	217	7 	69	0	1
23	0	217	8 	38	0	23
23	0	217	9 	52	0	5
23	0	217	10 	51	0	20
23	0	218	1 	11	1	26
23	0	218	2 	6	1	15
23	0	218	3 	18	1	30
23	0	218	4 	7	1	10
23	0	218	5 	46	1	18
23	0	218	6 	48	1	5
23	0	218	7 	53	1	30
23	0	218	8 	61	1	14
23	0	218	9 	62	1	1
23	0	221	1 	7	1	62
23	0	222	1 	8	1	25
23	0	222	2 	68	1	10
23	0	222	3 	14	1	15
23	0	222	4 	18	1	15
23	0	222	5 	22	1	25
23	0	222	6 	29	1	10
23	0	222	7 	35	1	25
23	0	222	8 	60	1	9
23	0	222	9 	46	1	42
23	0	222	10 	58	1	5
23	0	223	1 	9	1	30
23	0	223	2 	62	0	1
23	0	223	3 	5	1	10
23	0	223	4 	28	1	42
23	0	223	5 	68	1	10
23	0	223	6 	37	1	25
23	0	223	7 	47	1	5
23	0	223	8 	76	1	1
23	0	223	9 	55	1	25
23	0	223	10 	62	1	15
23	0	224	1 	10	1	25
23	0	224	2 	67	1	4
23	0	224	3 	18	1	33
23	0	224	4 	28	1	30
23	0	224	5 	23	1	25
23	0	224	6 	55	1	1
23	0	224	7 	27	1	25
23	0	224	8 	38	1	25
23	0	224	9 	47	1	5
23	0	224	10 	72	1	19
23	0	225	1 	12	0	15
23	0	225	2 	11	0	5
23	0	225	3 	47	0	25
23	0	225	4 	20	0	27
23	0	225	5 	5	0	10
23	0	225	6 	23	0	15
23	0	225	7 	27	0	10
23	0	225	8 	41	0	25
23	0	225	9 	55	0	37
23	0	225	10 	46	0	20
23	0	226	1 	2	1	12
23	0	226	2 	6	1	25
23	0	226	3 	13	1	5
23	0	226	4 	18	1	25
23	0	226	5 	17	1	15
23	0	226	6 	29	1	25
23	0	226	7 	31	1	15
23	0	226	8 	37	1	5
23	0	226	9 	54	1	37
23	0	226	10 	38	1	25
23	0	227	1 	2	1	30
23	0	227	2 	8	1	1
23	0	227	3 	18	1	30
23	0	227	4 	26	1	15
23	0	227	5 	42	1	10
23	0	227	6 	37	1	1
23	0	227	7 	11	1	10
23	0	227	8 	63	1	21
23	0	227	9 	55	1	10
23	0	227	10 	62	1	1
23	0	228	1 	10	0	30
23	0	228	2 	1	0	10
23	0	228	3 	29	0	25
23	0	228	4 	67	0	1
23	0	228	5 	5	0	25
23	0	228	6 	44	0	25
23	0	228	7 	38	0	5
23	0	228	8 	41	0	28
23	0	228	9 	70	0	1
23	0	229	1 	3	1	30
23	0	229	2 	8	1	20
23	0	229	3 	18	1	25
23	0	229	4 	17	1	10
23	0	229	5 	28	1	10
23	0	229	6 	68	1	1
23	0	229	7 	55	1	18
23	0	229	8 	53	1	15
23	0	229	9 	41	1	25
23	0	229	10 	37	1	20
23	0	232	1 	7	1	25
23	0	232	2 	10	1	25
23	0	232	3 	18	1	30
23	0	232	4 	44	1	38
23	0	232	5 	51	0	15
23	0	232	6 	32	1	9
23	0	232	7 	36	1	6
23	0	232	8 	3	0	10
23	0	232	9 	59	1	10
23	0	232	10 	39	1	10
23	0	233	1 	10	1	27
23	0	233	2 	67	1	1
23	0	233	3 	62	0	10
23	0	233	4 	50	1	22
23	0	233	5 	32	1	20
23	0	233	6 	32	0	25
23	0	233	7 	28	1	10
23	0	233	8 	36	1	25
23	0	233	9 	47	0	20
23	0	233	10 	55	0	5
23	0	234	1 	53	1	30
23	0	234	2 	13	1	25
23	0	234	3 	5	1	25
23	0	234	4 	73	1	15
23	0	234	5 	8	1	25
23	0	234	6 	72	1	1
23	0	234	7 	10	1	15
23	0	234	8 	2	1	25
23	0	234	9 	45	0	10
23	0	234	10 	35	0	5
23	0	235	1 	12	1	46
23	0	235	2 	14	1	25
23	0	235	3 	32	1	25
23	0	235	4 	23	1	25
23	0	235	5 	70	1	5
23	0	235	6 	47	1	5
23	0	235	7 	56	1	5
23	0	235	8 	62	1	10
23	0	235	9 	53	1	5
23	0	235	10 	72	1	4
23	0	236	1 	1	1	25
23	0	236	2 	13	1	30
23	0	236	3 	21	1	20
23	0	236	4 	31	1	20
23	0	236	5 	37	1	15
23	0	236	6 	46	1	32
23	0	236	7 	51	1	12
23	0	237	1 	4	0	30
23	0	237	2 	3	0	28
23	0	237	3 	20	0	25
23	0	237	4 	22	0	25
23	0	237	5 	39	0	15
23	0	237	6 	56	0	20
23	0	237	7 	63	0	10
23	0	237	8 	62	0	15
23	0	237	9 	35	0	1
23	0	238	1 	3	0	20
23	0	238	2 	1	0	25
23	0	238	3 	9	0	20
23	0	238	4 	7	0	25
23	0	238	5 	22	0	25
23	0	238	6 	62	0	20
23	0	238	7 	26	0	12
23	0	238	8 	71	0	1
23	0	238	9 	41	0	15
23	0	238	10 	35	0	10
23	0	239	1 	7	1	25
23	0	239	2 	8	1	25
23	0	239	3 	33	0	25
23	0	239	4 	56	1	25
23	0	239	5 	35	1	25
23	0	239	6 	55	1	18
23	0	239	7 	26	1	10
23	0	239	8 	32	0	10
23	0	239	9 	68	1	11
23	0	239	10 	21	1	5
23	0	240	1 	5	1	33
23	0	240	2 	67	1	5
23	0	240	3 	5	0	10
23	0	240	4 	14	1	25
23	0	240	5 	23	1	16
23	0	240	6 	21	1	25
23	0	240	7 	41	1	25
23	0	240	8 	46	1	25
23	0	240	9 	55	1	1
23	0	241	1 	10	1	30
23	0	241	2 	12	1	17
23	0	241	3 	29	1	25
23	0	241	4 	39	1	25
23	0	241	5 	46	1	22
23	0	241	6 	56	1	5
23	0	241	7 	55	1	33
23	0	242	1 	1	0	53
23	0	242	3 	21	0	5
23	0	242	4 	32	0	10
23	0	242	5 	31	0	5
23	0	242	6 	38	0	10
23	0	242	7 	47	0	25
23	0	242	8 	58	0	4
23	0	242	9 	67	0	4
23	0	243	1 	10	1	25
23	0	243	2 	8	1	36
23	0	243	3 	18	1	25
23	0	243	4 	31	1	20
23	0	243	5 	33	1	25
23	0	243	6 	54	1	10
23	0	243	7 	67	1	15
23	0	243	8 	68	1	5
23	0	244	1 	11	0	30
23	0	244	2 	53	0	25
23	0	244	3 	26	0	25
23	0	244	4 	61	0	14
23	0	244	5 	32	0	25
23	0	244	6 	42	0	10
23	0	244	7 	5	0	10
23	0	244	8 	41	0	10
23	0	244	9 	47	0	10
23	0	244	10 	35	0	10
23	0	245	1 	5	0	25
23	0	245	2 	1	0	10
23	0	245	3 	22	0	30
23	0	245	4 	26	0	25
23	0	245	5 	31	0	15
23	0	245	6 	34	0	15
23	0	245	7 	45	0	25
23	0	245	8 	28	0	20
23	0	245	9 	60	0	5
23	0	245	10 	63	0	5
23	0	246	1 	4	1	25
23	0	246	2 	12	1	10
23	0	246	3 	18	1	25
23	0	246	4 	10	1	25
23	0	246	5 	31	1	10
23	0	246	6 	33	1	5
23	0	246	7 	41	1	36
23	0	246	8 	54	1	11
23	0	246	9 	50	1	20
23	0	246	10 	67	1	4
23	0	247	1 	11	1	25
23	0	247	2 	10	1	15
23	0	247	3 	7	1	20
23	0	247	4 	24	1	20
23	0	247	5 	12	1	16
23	0	247	6 	32	1	15
23	0	247	7 	38	1	15
23	0	247	8 	46	1	21
23	0	247	9 	53	1	20
23	0	248	1 	6	0	30
23	0	248	2 	13	0	30
23	0	248	3 	56	0	39
23	0	249	1 	12	0	30
23	0	249	2 	5	0	20
23	0	249	3 	26	0	15
23	0	249	4 	28	0	15
23	0	249	5 	38	0	15
23	0	249	6 	35	0	15
23	0	249	7 	56	0	15
23	0	249	8 	63	0	13
23	0	251	1 	2	1	25
23	0	251	2 	13	1	5
23	0	251	3 	6	1	16
23	0	251	4 	7	1	25
23	0	251	5 	46	1	21
23	0	251	6 	21	1	15
23	0	251	7 	34	1	1
23	0	251	8 	38	1	39
23	0	251	9 	7	0	10
23	0	251	10 	68	1	11
23	0	253	1 	4	1	25
23	0	253	2 	38	1	10
23	0	253	3 	18	1	30
23	0	253	4 	39	1	25
23	0	253	5 	54	1	41
23	0	253	6 	68	1	1
23	0	253	7 	7	1	4
23	0	253	8 	67	1	5
23	0	253	9 	64	1	1
23	0	255	1 	3	0	25
23	0	255	2 	53	0	25
23	0	255	3 	70	0	1
23	0	255	4 	27	0	25
23	0	255	5 	36	0	5
23	0	255	6 	35	0	25
23	0	255	7 	38	0	10
23	0	255	8 	41	0	20
23	0	255	9 	67	0	1
23	0	255	10 	56	0	41
23	0	256	1 	3	0	28
23	0	256	2 	29	0	25
23	0	256	3 	9	0	25
23	0	256	4 	38	1	10
23	0	256	5 	35	0	10
23	0	256	6 	62	0	17
23	0	256	7 	38	0	5
23	0	256	8 	39	0	15
23	0	256	9 	48	0	11
23	0	256	10 	70	0	1
23	0	258	1 	1	0	15
23	0	258	2 	16	0	25
23	0	258	3 	30	0	25
23	0	258	4 	39	0	25
23	0	258	5 	47	0	25
23	0	258	6 	50	0	25
23	0	258	7 	56	0	5
23	0	258	8 	61	0	5
23	0	259	1 	6	0	30
23	0	259	2 	1	0	10
23	0	259	3 	62	0	10
23	0	259	4 	71	1	1
23	0	259	5 	35	0	10
23	0	259	6 	26	0	15
23	0	259	7 	47	1	5
23	0	259	8 	7	0	25
23	0	259	9 	7	1	25
23	0	259	10 	46	1	39
23	0	260	1 	73	1	1
23	0	260	2 	8	1	34
23	0	260	3 	58	1	1
23	0	260	4 	26	1	15
23	0	260	5 	32	1	20
23	0	260	6 	28	1	10
23	0	260	7 	36	1	25
23	0	260	8 	39	1	25
23	0	260	9 	38	1	10
23	0	260	10 	54	1	23
23	0	261	1 	5	1	15
23	0	261	2 	8	1	33
23	0	261	3 	13	1	10
23	0	261	4 	68	1	1
23	0	261	5 	18	1	25
23	0	261	6 	28	1	38
23	0	261	7 	72	1	5
23	0	261	8 	58	1	6
23	0	261	9 	42	1	25
23	0	261	10 	38	1	10
23	0	262	1 	6	1	25
23	0	262	2 	10	1	49
23	0	262	3 	27	1	5
23	0	262	4 	32	1	25
23	0	262	5 	36	1	25
23	0	262	6 	71	1	5
23	0	262	7 	55	1	5
23	0	262	8 	61	1	16
23	0	262	9 	47	1	5
23	0	262	10 	56	1	5
23	0	264	1 	2	1	30
23	0	264	2 	8	1	25
23	0	264	3 	12	1	10
23	0	264	4 	13	1	10
23	0	264	5 	18	1	25
23	0	264	6 	41	1	15
23	0	264	7 	45	1	5
23	0	264	8 	48	1	15
23	0	264	9 	46	1	16
23	0	264	10 	35	1	11
23	0	266	1 	11	0	10
23	0	266	2 	13	0	20
23	0	266	3 	8	0	25
23	0	266	4 	21	0	10
23	0	266	5 	42	0	17
23	0	266	6 	22	0	25
23	0	266	7 	32	0	25
23	0	266	8 	47	0	5
23	0	266	9 	56	0	5
23	0	266	10 	41	0	25
23	0	267	1 	8	0	13
23	0	269	1 	4	1	25
23	0	269	2 	67	1	1
23	0	269	3 	26	1	11
23	0	269	4 	29	1	25
23	0	269	5 	27	1	36
23	0	269	6 	28	1	25
23	0	269	7 	41	1	15
23	0	269	8 	56	1	11
23	0	269	9 	55	1	20
23	0	269	10 	61	1	5
23	0	270	1 	7	1	30
23	0	270	2 	12	1	25
23	0	270	3 	20	0	25
23	0	270	4 	1	1	25
23	0	270	5 	46	1	15
23	0	270	6 	51	1	15
23	0	271	1 	12	0	25
23	0	271	2 	2	0	25
23	0	271	3 	62	0	5
23	0	271	4 	46	0	41
23	0	271	5 	26	0	25
23	0	271	6 	60	0	10
23	0	271	7 	47	0	10
23	0	271	8 	58	0	4
23	0	271	9 	68	0	5
23	0	271	10 	35	0	10
23	0	273	1 	2	1	31
23	0	273	2 	1	1	31
23	0	273	3 	35	1	30
23	0	273	4 	46	1	25
23	0	273	5 	55	1	17
23	0	273	6 	71	1	1
23	0	274	1 	11	0	25
23	0	274	2 	52	0	25
23	0	274	3 	22	0	30
23	0	274	4 	26	0	25
23	0	274	5 	31	0	15
23	0	274	6 	53	0	5
23	0	274	7 	63	0	5
23	0	274	8 	56	0	5
23	0	274	9 	48	0	5
23	0	274	10 	45	0	25
23	0	275	1 	1	1	31
23	0	275	2 	6	1	20
23	0	275	3 	26	1	20
23	0	275	4 	28	1	20
23	0	275	5 	38	1	22
23	0	275	6 	35	1	15
23	0	275	7 	56	1	14
23	0	275	8 	63	1	10
23	0	276	1 	11	0	39
23	0	276	2 	4	0	15
23	0	276	3 	23	0	25
23	0	276	4 	51	0	20
23	0	277	1 	2	1	25
23	0	277	2 	13	1	15
23	0	277	3 	6	1	20
23	0	277	4 	5	1	10
23	0	277	5 	26	0	5
23	0	277	6 	31	1	25
23	0	277	7 	38	1	13
23	0	277	8 	43	1	36
23	0	277	9 	56	1	7
23	0	280	1 	1	0	25
23	0	280	2 	5	0	25
23	0	280	3 	47	0	42
23	0	280	4 	29	0	20
23	0	280	5 	31	0	25
23	0	280	6 	9	0	10
23	0	280	7 	67	0	5
23	0	280	8 	45	0	5
23	0	280	9 	46	0	5
23	0	280	10 	48	0	10
23	0	281	1 	1	1	16
23	0	281	2 	6	1	25
23	0	281	3 	23	1	20
23	0	281	4 	27	1	10
23	0	281	5 	35	1	25
23	0	281	6 	38	1	33
23	0	281	7 	46	1	5
23	0	281	8 	55	1	10
23	0	281	9 	63	0	15
23	0	282	1 	4	1	30
23	0	282	2 	5	1	30
23	0	282	3 	8	1	24
23	0	282	4 	42	1	20
23	0	282	5 	53	1	10
23	0	282	6 	7	1	1
23	0	283	1 	11	1	33
23	0	283	2 	6	1	20
23	0	283	3 	33	1	25
23	0	283	4 	38	1	15
23	0	283	5 	45	1	5
23	0	283	6 	54	1	25
23	0	283	7 	53	1	25
23	0	283	8 	61	1	5
23	0	283	9 	68	1	9
23	0	283	10 	72	1	5
23	0	285	1 	2	1	30
23	0	285	2 	5	1	10
23	0	285	3 	14	1	10
23	0	285	4 	10	1	15
23	0	285	5 	18	1	20
23	0	285	6 	11	1	20
23	0	285	7 	43	1	15
23	0	286	1 	2	1	25
23	0	286	2 	8	1	25
23	0	286	3 	58	1	5
23	0	286	4 	63	1	5
23	0	286	5 	55	0	5
23	0	286	6 	45	1	5
23	0	286	7 	7	1	5
23	0	286	8 	28	1	25
23	0	286	9 	56	1	17
23	0	286	10 	38	1	39
23	0	287	1 	1	0	35
23	0	287	2 	1	1	24
23	0	287	3 	14	0	15
23	0	287	4 	17	1	20
23	0	287	5 	27	0	25
23	0	287	6 	42	0	15
23	0	287	7 	48	0	15
23	0	287	8 	58	1	10
23	0	288	1 	6	1	25
23	0	288	2 	71	1	5
23	0	288	3 	14	1	25
23	0	288	4 	56	1	15
23	0	288	5 	22	1	27
23	0	288	6 	38	1	5
23	0	288	7 	63	1	10
23	0	288	8 	23	1	25
23	0	288	9 	61	1	5
23	0	288	10 	33	1	25
23	0	289	1 	8	1	36
23	0	289	2 	3	1	20
23	0	289	3 	62	1	5
23	0	289	4 	18	1	25
23	0	289	5 	64	1	5
23	0	289	6 	10	1	25
23	0	289	7 	52	1	5
23	0	289	8 	36	1	10
23	0	289	9 	38	1	25
23	0	289	10 	39	1	18
23	0	290	1 	2	1	30
23	0	290	2 	35	1	10
23	0	290	3 	71	1	7
23	0	290	4 	33	1	5
23	0	290	5 	23	1	25
23	0	290	6 	6	1	15
23	0	290	7 	21	1	15
23	0	290	8 	29	1	15
23	0	290	9 	31	1	20
23	0	290	10 	43	1	25
23	0	291	1 	11	0	30
23	0	291	2 	31	0	25
23	0	291	3 	70	0	4
23	0	291	5 	37	0	20
23	0	291	6 	47	0	20
23	0	291	7 	35	0	10
23	0	291	8 	60	0	20
23	0	291	9 	56	0	5
23	0	294	1 	2	1	20
23	0	294	2 	6	1	30
23	0	294	3 	26	0	25
23	0	294	4 	42	1	25
23	0	294	5 	39	1	25
23	0	294	6 	47	1	20
23	0	294	7 	62	1	9
23	0	297	1 	4	0	30
23	0	297	2 	18	0	25
23	0	297	3 	31	0	22
23	0	297	4 	38	0	25
23	0	297	5 	53	0	25
23	0	297	6 	55	0	5
23	0	297	7 	62	0	5
23	0	297	8 	35	0	5
23	0	299	1 	10	0	20
23	0	299	2 	3	0	20
23	0	299	3 	14	0	10
23	0	299	4 	47	0	25
23	0	299	5 	21	0	25
23	0	299	6 	10	1	20
23	0	299	7 	23	0	20
23	0	299	8 	60	0	5
23	0	299	9 	36	0	25
23	0	300	1 	6	0	20
23	0	300	2 	1	0	5
23	0	300	3 	35	0	10
23	0	300	4 	63	0	5
23	0	300	5 	9	0	25
23	0	300	6 	29	0	30
23	0	300	7 	48	0	5
23	0	300	8 	62	0	20
23	0	300	9 	38	1	10
23	0	300	10 	56	0	44
23	0	301	1 	8	1	35
23	0	301	2 	4	1	5
23	0	301	3 	18	1	25
23	0	301	4 	31	1	5
23	0	301	5 	38	1	25
23	0	301	6 	67	1	5
23	0	301	7 	54	1	25
23	0	301	8 	56	1	25
23	0	304	1 	10	1	20
23	0	304	2 	1	1	20
23	0	304	3 	8	1	31
23	0	304	4 	7	0	10
23	0	304	5 	4	1	10
23	0	304	6 	3	1	15
23	0	304	7 	12	1	10
23	0	304	8 	7	1	11
23	0	304	9 	33	1	30
23	0	304	10 	43	1	10
23	0	307	1 	9	1	26
23	0	307	2 	2	1	20
23	0	307	3 	13	1	20
23	0	307	4 	6	1	15
23	0	307	5 	3	1	25
23	0	307	6 	5	1	10
23	0	307	7 	23	1	5
23	0	307	8 	38	1	18
23	0	307	9 	48	1	20
23	0	308	1 	1	1	30
23	0	308	2 	67	1	1
23	0	308	3 	50	1	11
23	0	308	4 	10	1	20
23	0	308	5 	9	1	16
23	0	308	6 	4	1	20
23	0	308	7 	29	1	15
23	0	308	8 	7	1	9
23	0	308	9 	53	1	36
23	0	309	1 	10	1	30
23	0	309	2 	61	1	1
23	0	309	3 	17	1	20
23	0	309	4 	55	1	19
23	0	309	5 	28	1	10
23	0	309	6 	56	0	15
23	0	309	7 	62	1	2
23	0	309	8 	33	1	15
23	0	309	9 	36	1	25
23	0	309	10 	39	1	25
23	0	310	1 	26	0	49
23	0	310	2 	8	0	25
23	0	310	3 	52	0	16
23	0	310	4 	66	0	1
23	0	310	5 	29	0	25
23	0	310	6 	72	0	15
23	0	310	7 	38	0	11
23	0	310	8 	63	0	1
23	0	310	9 	70	0	1
23	0	310	10 	47	0	25
23	0	311	1 	11	0	20
23	0	311	2 	1	0	10
23	0	311	3 	13	0	25
23	0	311	4 	62	0	1
23	0	311	5 	26	0	25
23	0	311	6 	5	0	30
23	0	311	7 	31	1	20
23	0	311	8 	41	0	5
23	0	311	9 	56	0	25
23	0	311	10 	67	0	1
23	0	312	1 	10	1	25
23	0	312	2 	18	1	25
23	0	312	3 	9	1	25
23	0	312	4 	38	1	20
23	0	312	5 	39	1	25
23	0	312	6 	54	1	10
23	0	312	7 	56	1	5
23	0	312	8 	53	1	13
23	0	312	9 	64	1	6
23	0	313	1 	2	1	28
23	0	313	2 	12	1	15
23	0	313	3 	30	1	25
23	0	313	4 	23	1	25
23	0	313	5 	31	1	20
23	0	313	6 	37	1	10
23	0	313	7 	43	1	15
23	0	313	8 	51	1	6
23	0	313	9 	55	1	11
23	0	313	10 	62	1	15
23	0	314	1 	6	0	25
23	0	314	2 	70	0	10
23	0	314	3 	26	0	20
23	0	314	4 	5	0	25
23	0	314	5 	32	0	15
23	0	314	6 	42	0	10
23	0	314	7 	38	0	30
23	0	314	8 	48	0	10
23	0	314	9 	53	0	25
23	0	314	10 	46	0	10
23	0	315	1 	11	1	28
23	0	315	2 	18	1	10
23	0	315	3 	58	1	23
23	0	315	4 	46	1	10
23	0	315	5 	21	1	10
23	0	315	6 	27	1	25
23	0	315	7 	35	1	36
23	0	315	8 	38	1	6
23	0	315	9 	56	1	5
23	0	315	10 	63	1	7
23	0	317	1 	5	0	31
23	0	317	2 	35	0	5
23	0	317	3 	60	0	1
23	0	317	4 	20	0	25
23	0	317	5 	22	0	19
23	0	317	6 	73	0	1
23	0	317	7 	7	0	25
23	0	317	8 	39	0	25
23	0	317	9 	38	0	10
23	0	317	10 	50	0	5
23	0	318	1 	1	1	30
23	0	318	2 	2	1	15
23	0	318	3 	7	1	15
23	0	318	4 	21	1	20
23	0	318	5 	31	1	20
23	0	318	6 	46	1	36
23	0	318	7 	62	1	7
23	0	319	1 	4	1	25
23	0	319	2 	2	1	25
23	0	319	3 	17	1	30
23	0	319	4 	23	1	5
23	0	319	5 	27	0	25
23	0	319	6 	32	1	20
23	0	319	7 	35	0	10
23	0	319	8 	38	1	5
23	0	319	9 	7	1	5
23	0	319	10 	55	1	11
23	0	320	1 	10	1	30
23	0	320	2 	4	1	30
23	0	320	3 	7	1	20
23	0	320	4 	23	1	15
23	0	320	5 	31	1	15
23	0	320	6 	48	1	18
23	0	320	7 	53	1	10
23	0	321	1 	3	0	20
23	0	321	2 	20	0	20
23	0	321	3 	21	0	25
23	0	321	4 	62	0	25
23	0	321	5 	47	0	1
23	0	321	6 	9	0	20
23	0	321	7 	41	0	30
23	0	321	8 	56	0	5
23	0	321	9 	63	0	1
23	0	321	10 	78	0	2
23	0	323	1 	1	1	30
23	0	323	2 	11	1	30
23	0	323	3 	31	1	30
23	0	323	4 	56	1	22
23	0	324	1 	3	0	31
23	0	324	2 	62	0	25
23	0	324	3 	38	0	5
23	0	324	4 	17	0	25
23	0	324	5 	23	0	10
23	0	324	6 	9	0	20
23	0	324	7 	27	0	5
23	0	324	8 	41	0	44
23	0	324	9 	47	0	25
23	0	324	10 	55	0	5
23	0	325	1 	5	0	36
23	0	325	2 	20	0	5
23	0	325	3 	38	0	25
23	0	325	4 	29	0	25
23	0	325	5 	46	0	16
23	0	325	6 	47	0	20
23	0	325	7 	48	0	10
23	0	325	8 	63	0	25
23	0	325	9 	71	0	1
23	0	327	1 	1	0	25
23	0	327	2 	71	0	1
23	0	327	3 	21	0	24
23	0	327	4 	22	0	30
23	0	327	5 	48	0	5
23	0	327	6 	63	1	1
23	0	327	7 	26	0	25
23	0	327	8 	35	0	10
23	0	327	9 	53	0	25
23	0	327	10 	54	0	5
23	0	329	1 	10	1	32
23	0	329	2 	17	1	24
23	0	329	3 	27	1	10
23	0	329	4 	32	1	30
23	0	329	5 	41	1	10
23	0	329	6 	33	1	8
23	0	329	7 	8	1	30
23	0	329	8 	45	1	10
23	0	329	9 	71	1	1
23	0	330	1 	29	0	43
23	0	330	2 	31	1	25
23	0	330	3 	19	1	25
23	0	330	4 	5	0	25
23	0	330	5 	14	0	10
23	0	330	6 	72	0	5
23	0	330	7 	55	0	5
23	0	330	8 	67	0	5
23	0	330	9 	58	0	5
23	0	330	10 	52	0	5
23	0	331	1 	2	0	20
23	0	331	2 	3	0	20
23	0	331	3 	4	0	26
23	0	331	4 	31	0	20
23	0	331	5 	38	0	20
23	0	333	1 	3	0	42
23	0	333	2 	5	0	25
23	0	333	3 	19	0	10
23	0	333	4 	62	0	10
23	0	333	5 	21	0	5
23	0	333	6 	31	0	15
23	0	333	7 	29	0	25
23	0	333	8 	26	0	25
23	0	333	9 	67	0	8
23	0	333	10 	48	0	5
23	0	334	1 	2	1	40
23	0	334	2 	12	1	26
23	0	334	3 	23	1	24
23	0	334	4 	31	1	20
23	0	334	5 	41	1	15
23	0	335	1 	35	0	5
23	0	335	2 	1	1	25
23	0	335	3 	21	1	30
23	0	335	4 	32	1	10
23	0	335	5 	27	1	5
23	0	335	6 	33	1	25
23	0	335	7 	38	1	25
23	0	335	8 	46	1	14
23	0	335	9 	53	1	25
23	0	335	10 	70	1	1
23	0	336	1 	2	1	30
23	0	336	2 	13	1	22
23	0	336	3 	18	1	41
23	0	336	4 	26	1	20
23	0	336	5 	41	1	7
23	0	336	6 	62	1	4
23	0	336	7 	53	1	16
23	0	336	8 	55	1	5
23	0	337	1 	6	0	26
23	0	337	2 	14	0	10
23	0	337	3 	19	0	15
23	0	337	4 	21	0	10
23	0	337	5 	5	0	15
23	0	337	6 	56	0	25
23	0	337	7 	36	0	30
23	0	337	8 	62	0	10
23	0	337	9 	35	0	10
23	0	337	10 	55	0	20
23	0	339	1 	10	0	25
23	0	339	2 	1	0	5
23	0	339	3 	5	0	15
23	0	339	4 	56	0	25
23	0	339	5 	23	0	20
23	0	339	6 	29	0	33
23	0	339	7 	72	0	5
23	0	339	8 	53	0	5
23	0	339	9 	38	0	25
23	0	339	10 	39	0	15
23	0	340	1 	9	1	25
23	0	340	2 	3	1	25
23	0	340	3 	5	1	15
23	0	340	4 	31	1	15
23	0	340	5 	37	1	15
23	0	340	6 	47	1	10
23	0	340	7 	48	1	34
23	0	340	8 	51	1	5
23	0	340	9 	2	1	5
23	0	340	10 	67	1	5
23	0	341	1 	8	0	31
23	0	341	2 	1	0	10
23	0	341	3 	23	0	7
23	0	341	4 	31	0	11
23	0	341	5 	5	0	25
23	0	341	6 	38	0	20
23	0	341	7 	48	0	19
23	0	341	8 	53	0	25
23	0	342	1 	11	1	25
23	0	342	2 	14	1	30
23	0	342	3 	12	1	25
23	0	342	4 	47	1	10
23	0	342	5 	48	1	5
23	0	342	6 	51	1	15
23	0	342	7 	6	1	5
23	0	342	8 	2	1	5
23	0	342	9 	10	1	5
23	0	342	10 	67	1	10
23	0	343	1 	4	1	30
23	0	343	2 	18	1	25
23	0	343	3 	38	1	25
23	0	343	4 	11	1	21
23	0	343	5 	1	1	20
23	0	343	6 	56	1	1
23	0	344	1 	2	1	25
23	0	344	2 	13	1	20
23	0	344	3 	18	1	30
23	0	344	4 	7	1	22
23	0	344	5 	32	1	30
23	0	344	6 	48	1	15
23	0	344	7 	55	0	5
23	0	345	1 	8	0	25
23	0	345	2 	15	0	20
23	0	345	3 	26	0	25
23	0	345	4 	42	0	25
23	0	345	5 	46	0	5
23	0	345	6 	48	0	10
23	0	345	7 	51	0	5
23	0	345	8 	6	0	5
23	0	345	9 	58	0	28
23	0	345	10 	67	0	1
23	0	346	1 	9	1	20
23	0	346	2 	11	1	30
23	0	346	3 	6	1	25
23	0	346	4 	64	1	15
23	0	346	5 	32	1	15
23	0	346	6 	39	1	15
23	0	346	7 	42	1	15
23	0	346	8 	46	1	20
23	0	346	9 	62	1	5
23	0	347	1 	11	1	25
23	0	347	2 	1	1	24
23	0	347	3 	4	1	24
23	0	347	4 	7	1	24
23	0	348	1 	10	1	41
23	0	348	2 	35	1	20
23	0	348	3 	28	1	20
23	0	348	4 	38	1	15
23	0	348	5 	39	1	25
23	0	348	6 	23	1	15
23	0	348	7 	67	1	3
23	0	348	8 	4	1	15
23	0	348	9 	36	1	20
23	0	348	10 	55	1	5
23	0	349	1 	1	1	25
23	0	349	2 	7	1	45
23	0	349	3 	35	0	5
23	0	349	4 	21	1	25
23	0	349	5 	38	1	20
23	0	349	6 	55	1	9
23	0	349	7 	47	1	6
23	0	349	8 	62	1	21
23	0	350	1 	12	0	26
23	0	350	2 	46	0	27
23	0	350	3 	21	0	25
23	0	350	4 	26	0	25
23	0	350	5 	70	0	1
23	0	350	6 	55	0	10
23	0	350	7 	33	0	20
23	0	350	8 	41	0	5
23	0	350	9 	38	0	9
23	0	350	10 	56	0	17
23	0	351	1 	1	0	25
23	0	351	2 	6	0	10
23	0	351	3 	20	0	25
23	0	351	4 	38	0	25
23	0	351	5 	47	0	5
23	0	351	6 	48	0	25
23	0	351	7 	51	0	10
23	0	351	8 	7	0	5
23	0	351	9 	9	0	5
23	0	351	10 	67	0	10
23	0	354	1 	7	1	25
23	0	354	2 	2	1	25
23	0	354	3 	18	1	25
23	0	354	4 	26	1	20
23	0	354	5 	42	1	16
23	0	354	6 	38	1	16
23	0	354	7 	53	1	18
23	0	355	1 	1	0	17
23	0	355	2 	35	0	1
23	0	355	3 	5	0	25
23	0	355	4 	26	0	36
23	0	355	5 	45	0	25
23	0	355	6 	27	0	25
23	0	355	7 	68	0	5
23	0	355	8 	39	0	10
23	0	355	9 	58	0	22
23	0	355	10 	73	0	1
23	0	357	1 	10	1	25
23	0	357	2 	11	1	25
23	0	357	3 	7	1	15
23	0	357	4 	3	1	25
23	0	357	5 	18	1	25
23	0	357	6 	3	0	5
23	0	357	7 	38	1	12
23	0	357	8 	50	1	30
23	0	357	9 	47	1	5
23	0	357	10 	62	1	1
23	0	358	1 	5	0	20
23	0	358	2 	21	0	30
23	0	358	3 	41	0	25
23	0	358	4 	47	0	25
23	0	358	5 	48	0	10
23	0	358	6 	51	0	10
23	0	358	7 	3	0	5
23	0	358	8 	4	0	5
23	0	358	9 	10	0	5
23	0	358	10 	67	0	10
23	0	359	1 	8	1	30
23	0	359	2 	13	1	20
23	0	359	3 	10	1	25
23	0	359	4 	18	1	10
23	0	359	5 	26	1	10
23	0	359	6 	58	1	5
23	0	359	7 	53	1	23
23	0	359	8 	29	1	25
23	0	359	9 	32	1	10
23	0	359	10 	45	1	10
23	0	360	1 	1	0	11
23	0	360	2 	38	0	42
23	0	360	3 	5	0	25
23	0	360	4 	12	0	21
23	0	360	5 	22	0	25
23	0	360	6 	20	0	11
23	0	360	7 	55	0	20
23	0	360	8 	4	0	11
23	0	360	9 	35	0	1
23	0	362	1 	10	1	39
23	0	362	2 	7	1	25
23	0	362	3 	6	1	15
23	0	362	4 	62	1	10
23	0	362	5 	29	1	10
23	0	362	6 	50	1	5
23	0	362	7 	72	1	1
23	0	362	8 	54	1	32
23	0	362	10 	53	1	5
23	0	363	1 	6	0	30
23	0	363	2 	1	0	10
23	0	363	3 	26	0	25
23	0	363	4 	28	0	5
23	0	363	5 	38	0	25
23	0	363	6 	35	0	10
23	0	363	7 	47	0	25
23	0	363	8 	58	0	5
23	0	363	9 	67	0	19
23	0	363	10 	68	0	5
23	0	365	1 	2	1	27
23	0	365	2 	10	1	15
23	0	365	3 	8	1	13
23	0	365	4 	55	1	10
23	0	365	5 	36	1	15
23	0	365	6 	33	1	30
23	0	365	7 	56	1	10
23	0	365	8 	61	1	6
23	0	366	1 	1	0	30
23	0	366	2 	3	0	25
23	0	366	3 	23	0	15
23	0	366	4 	12	0	10
23	0	366	5 	43	0	5
23	0	366	6 	46	0	33
23	0	366	7 	61	0	10
23	0	367	1 	9	1	35
23	0	367	2 	1	1	15
23	0	367	3 	18	1	25
23	0	367	4 	24	1	17
23	0	367	5 	38	1	20
23	0	367	6 	46	1	15
23	0	367	7 	53	1	10
23	0	368	1 	9	1	24
23	0	368	2 	67	1	23
23	0	368	3 	4	1	10
23	0	368	4 	47	1	5
23	0	368	5 	41	1	25
23	0	368	6 	32	1	25
23	0	368	7 	27	1	30
23	0	368	8 	62	1	10
23	0	368	9 	38	1	15
23	0	368	10 	53	1	3
23	0	369	1 	6	0	27
23	0	369	2 	26	0	31
23	0	369	3 	29	0	21
23	0	369	4 	37	0	30
23	0	369	5 	42	0	5
23	0	369	6 	38	0	15
23	0	369	7 	34	0	7
23	0	369	8 	68	0	5
23	0	369	9 	62	0	10
23	0	369	10 	56	0	5
23	0	370	1 	11	0	30
23	0	370	2 	21	0	10
23	0	370	3 	62	0	1
23	0	370	4 	31	0	25
23	0	370	5 	34	0	41
23	0	370	6 	46	0	22
23	0	371	1 	8	1	31
23	0	371	2 	28	1	25
23	0	371	3 	39	1	15
23	0	371	4 	38	1	25
23	0	371	5 	50	1	15
23	0	371	6 	58	1	30
23	0	371	7 	73	1	5
23	0	372	1 	2	1	15
23	0	372	2 	13	1	30
23	0	372	3 	18	1	20
23	0	372	4 	29	1	20
23	0	372	5 	33	1	30
23	0	372	6 	55	0	15
23	0	372	7 	56	1	15
23	0	374	1 	2	1	30
23	0	374	2 	10	1	24
23	0	374	3 	13	1	20
23	0	374	4 	26	1	20
23	0	374	5 	41	1	15
23	0	375	1 	9	1	30
23	0	375	2 	1	1	25
23	0	375	3 	32	1	20
23	0	375	4 	33	1	10
23	0	375	5 	39	1	39
23	0	375	6 	47	1	5
23	0	375	7 	53	1	5
23	0	375	8 	58	1	10
23	0	375	9 	35	1	10
23	0	375	10 	72	1	5
23	0	376	1 	3	0	24
23	0	376	2 	62	0	10
23	0	376	3 	60	0	12
23	0	376	4 	29	0	25
23	0	376	5 	5	0	17
23	0	376	6 	27	0	41
23	0	376	7 	70	0	5
23	0	376	8 	41	0	25
23	0	376	9 	51	0	1
23	0	376	10 	45	0	10
23	0	379	1 	8	0	30
23	0	379	2 	36	0	35
23	0	379	3 	72	0	5
23	0	379	4 	53	0	5
23	0	379	5 	23	0	20
23	0	379	6 	31	0	20
23	0	379	7 	55	0	15
23	0	379	8 	6	0	20
23	0	379	9 	62	0	11
23	0	379	10 	38	0	10
23	0	380	1 	2	1	20
23	0	380	2 	1	1	25
23	0	380	3 	18	1	25
23	0	380	4 	22	1	25
23	0	380	5 	35	0	10
23	0	380	6 	29	1	10
23	0	380	7 	69	1	5
23	0	380	8 	38	1	33
23	0	380	9 	74	1	5
23	0	380	10 	48	1	19
23	0	381	1 	8	1	25
23	0	381	2 	18	1	30
23	0	381	3 	14	1	15
23	0	381	4 	10	1	15
23	0	381	5 	23	1	15
23	0	381	6 	33	1	15
23	0	381	7 	36	1	15
23	0	381	8 	68	1	10
23	0	381	9 	42	1	15
23	0	381	10 	53	1	24
23	0	382	1 	2	1	37
23	0	382	3 	8	1	20
23	0	382	4 	11	1	25
23	0	382	5 	37	1	5
23	0	382	6 	31	1	10
23	0	382	7 	38	1	12
23	0	382	8 	56	0	5
23	0	382	9 	45	0	10
23	0	382	10 	46	1	33
23	0	383	1 	10	1	25
23	0	383	2 	62	1	1
23	0	383	3 	29	1	40
23	0	383	4 	54	1	25
23	0	383	5 	34	1	10
23	0	383	6 	56	1	5
23	0	383	7 	38	1	10
23	0	383	8 	48	1	10
23	0	383	9 	47	1	20
23	0	383	10 	51	1	1
23	0	384	1 	4	0	25
23	0	384	2 	3	0	25
23	0	384	3 	21	0	25
23	0	384	4 	29	0	36
23	0	384	5 	32	0	17
23	0	384	6 	51	0	5
23	0	384	7 	56	0	15
23	0	384	8 	39	0	5
23	0	384	9 	62	0	1
23	0	384	10 	64	0	25
23	0	385	1 	4	1	30
23	0	385	2 	10	1	25
23	0	385	3 	27	1	25
23	0	385	4 	23	1	15
23	0	385	5 	45	1	25
23	0	385	6 	41	1	15
23	0	385	7 	39	1	13
23	0	385	8 	50	1	5
23	0	385	9 	12	1	10
23	0	385	10 	61	1	10
23	0	386	1 	6	0	25
23	0	386	2 	29	0	25
23	0	386	3 	26	0	42
23	0	386	4 	9	0	25
23	0	386	5 	46	0	20
23	0	386	6 	38	0	10
23	0	386	7 	51	0	10
23	0	386	8 	64	0	12
23	0	386	9 	58	0	5
23	0	386	10 	72	0	5
23	0	387	1 	7	1	30
23	0	387	2 	13	1	20
23	0	387	3 	22	1	23
23	0	387	4 	28	1	30
23	0	387	5 	38	1	25
23	0	387	6 	47	1	25
23	0	387	7 	56	1	1
23	0	387	8 	51	1	10
23	0	387	9 	35	0	1
23	0	388	1 	11	1	25
23	0	388	2 	10	1	25
23	0	388	3 	18	1	25
23	0	388	4 	38	1	25
23	0	388	5 	32	1	20
23	0	388	6 	41	1	9
23	0	388	7 	54	1	9
23	0	388	8 	51	1	2
23	0	388	9 	62	0	1
23	0	389	1 	11	0	27
23	0	389	2 	10	1	25
23	0	389	3 	17	1	32
23	0	389	4 	30	1	5
23	0	389	5 	12	1	25
23	0	389	6 	46	1	4
23	0	389	7 	35	1	8
23	0	389	8 	61	1	15
23	0	389	9 	53	1	5
23	0	391	1 	5	1	30
23	0	391	2 	38	1	25
23	0	391	3 	67	1	10
23	0	391	4 	8	1	20
23	0	391	5 	43	1	28
23	0	391	6 	58	1	8
23	0	391	7 	31	1	20
23	0	391	8 	29	1	25
23	0	391	9 	74	1	1
23	0	391	10 	30	1	5
23	0	392	1 	6	0	30
23	0	392	2 	1	0	5
23	0	392	3 	21	0	10
23	0	392	4 	28	0	20
23	0	392	5 	31	0	20
23	0	392	6 	73	0	4
23	0	392	7 	46	0	33
23	0	392	8 	55	0	15
23	0	392	9 	62	0	5
23	0	392	10 	63	0	15
23	0	393	1 	11	0	20
23	0	393	2 	4	0	30
23	0	393	3 	51	0	11
23	0	393	4 	26	0	20
23	0	393	5 	56	0	31
23	0	393	6 	27	0	16
23	0	393	7 	39	0	25
23	0	393	8 	70	0	2
23	0	393	9 	54	0	10
23	0	393	10 	35	0	10
23	0	394	1 	6	0	30
23	0	394	2 	28	0	30
23	0	394	3 	42	0	1
23	0	394	4 	47	0	30
23	0	394	5 	62	0	10
23	0	395	1 	8	1	20
23	0	395	2 	10	1	38
23	0	395	3 	18	1	26
23	0	395	4 	72	1	5
23	0	395	5 	34	1	15
23	0	395	6 	67	1	5
23	0	395	7 	41	1	25
23	0	395	8 	48	1	5
23	0	395	9 	35	1	1
23	0	395	10 	3	0	15
23	0	396	1 	2	0	20
23	0	396	2 	9	0	10
23	0	396	3 	4	0	20
23	0	396	4 	18	0	30
23	0	396	5 	17	0	13
23	0	396	6 	12	1	21
23	0	396	7 	1	0	11
23	0	396	8 	8	0	20
23	0	397	1 	2	1	30
23	0	397	2 	53	1	18
23	0	397	3 	23	1	15
23	0	397	4 	31	1	20
23	0	397	5 	32	1	20
23	0	397	6 	28	1	15
23	0	397	7 	39	1	25
23	0	397	8 	35	0	5
23	0	397	9 	69	1	5
23	0	397	10 	68	1	5
23	0	398	1 	6	1	40
23	0	398	2 	3	1	25
23	0	399	1 	10	1	42
23	0	399	2 	22	1	25
23	0	399	3 	7	1	25
23	0	399	4 	50	1	6
23	0	399	5 	70	1	1
23	0	399	6 	35	0	20
23	0	399	7 	38	1	15
23	0	399	8 	45	1	6
23	0	399	9 	54	1	25
23	0	399	10 	53	1	5
23	0	400	1 	3	0	30
23	0	400	2 	5	0	25
23	0	400	3 	22	0	10
23	0	400	4 	50	0	10
23	0	400	5 	47	0	1
23	0	400	6 	56	0	5
23	0	400	7 	37	0	25
23	0	400	8 	46	0	34
23	0	400	9 	41	0	15
23	0	400	10 	39	0	15
23	0	401	1 	8	1	28
23	0	401	2 	2	1	25
23	0	401	3 	1	1	25
23	0	401	4 	46	1	20
23	0	401	5 	48	1	20
23	0	401	6 	53	1	13
23	0	403	1 	9	0	25
23	0	403	2 	1	0	10
23	0	403	3 	19	0	10
23	0	403	4 	5	0	15
23	0	403	5 	26	0	40
23	0	403	6 	35	0	10
23	0	403	7 	41	0	20
23	0	403	8 	63	0	25
23	0	403	9 	46	0	20
23	0	403	10 	62	0	15
23	0	404	1 	3	0	35
23	0	404	2 	28	0	20
23	0	404	3 	28	1	15
23	0	404	4 	42	0	25
23	0	404	5 	47	0	25
23	0	404	6 	62	0	10
23	0	406	1 	2	1	34
23	0	406	2 	5	1	15
23	0	406	3 	12	1	10
23	0	406	4 	6	0	18
23	0	406	5 	26	0	20
23	0	406	6 	18	0	20
23	0	406	7 	22	0	20
23	0	406	8 	42	0	10
23	0	406	9 	55	0	25
23	0	406	10 	62	0	10
23	0	407	1 	8	1	30
23	0	407	2 	6	1	15
23	0	407	3 	10	1	25
23	0	407	4 	22	1	20
23	0	407	5 	18	1	20
23	0	407	6 	26	1	15
23	0	407	7 	34	1	10
23	0	407	8 	42	1	25
23	0	407	9 	53	1	10
23	0	407	10 	58	1	18
23	0	408	1 	7	0	50
23	0	408	2 	1	1	25
23	0	408	3 	69	0	5
23	0	408	4 	55	0	5
23	0	408	5 	71	0	5
23	0	408	6 	38	0	25
23	0	408	7 	35	0	5
23	0	408	8 	46	0	15
23	0	408	9 	47	0	25
23	0	408	10 	56	1	5
23	0	410	1 	7	1	30
23	0	410	2 	13	1	20
23	0	410	3 	28	1	25
23	0	410	4 	46	1	25
23	0	410	5 	43	1	25
23	0	411	1 	6	1	31
23	0	411	2 	13	1	25
23	0	411	3 	18	1	15
23	0	411	4 	27	1	10
23	0	411	5 	3	1	25
23	0	411	6 	68	1	9
23	0	411	7 	35	1	20
23	0	411	8 	48	1	20
23	0	411	9 	62	1	6
23	0	411	10 	58	1	10
23	0	412	1 	6	1	33
23	0	412	2 	5	1	10
23	0	412	3 	13	1	20
23	0	412	4 	14	1	20
23	0	412	5 	3	0	8
23	0	412	6 	46	1	15
23	0	412	7 	64	1	1
23	0	412	8 	10	1	15
23	0	412	9 	1	1	21
23	0	412	10 	7	1	3
23	0	413	1 	12	0	25
23	0	413	2 	68	0	1
23	0	413	3 	3	0	10
23	0	413	4 	8	0	20
23	0	413	5 	62	0	12
23	0	413	6 	64	0	1
23	0	413	7 	26	0	25
23	0	413	8 	38	0	21
23	0	413	9 	47	0	25
23	0	413	10 	63	0	10
23	0	414	1 	10	1	25
23	0	414	2 	9	1	15
23	0	414	3 	14	1	20
23	0	414	4 	36	1	16
23	0	414	5 	18	1	16
23	0	414	6 	50	1	33
23	0	414	7 	28	1	10
23	0	414	8 	27	1	30
23	0	414	9 	68	1	10
23	0	414	10 	35	1	10
23	0	415	1 	2	1	30
23	0	415	2 	12	1	10
23	0	415	3 	20	1	10
23	0	415	4 	18	1	25
23	0	415	5 	35	1	5
23	0	415	6 	37	1	25
23	0	415	7 	39	1	42
23	0	415	8 	46	1	11
23	0	415	9 	56	1	10
23	0	415	10 	54	1	1
23	0	418	1 	8	0	25
23	0	418	2 	4	0	15
23	0	418	3 	22	0	31
23	0	418	4 	26	0	10
23	0	418	5 	38	0	25
23	0	418	6 	45	0	10
23	0	418	7 	51	0	32
23	0	418	8 	53	0	25
23	0	418	9 	71	0	1
23	0	419	1 	1	0	11
23	0	419	2 	72	0	1
23	0	419	3 	23	0	34
23	0	419	4 	6	0	25
23	0	419	5 	5	0	25
23	0	419	6 	36	0	25
23	0	419	7 	26	0	10
23	0	419	8 	35	0	6
23	0	419	9 	38	0	25
23	0	419	10 	39	0	10
23	0	420	1 	1	1	25
23	0	420	2 	12	1	25
23	0	420	3 	53	1	5
23	0	420	4 	46	1	22
23	0	420	5 	62	1	5
23	0	420	6 	31	1	15
23	0	420	7 	58	1	5
23	0	420	8 	33	1	33
23	0	420	9 	52	1	5
23	0	420	10 	35	1	10
23	0	421	1 	10	1	42
23	0	421	2 	17	1	20
23	0	421	3 	3	0	25
23	0	421	4 	32	1	25
23	0	421	5 	50	1	20
23	0	421	6 	47	1	10
23	0	421	7 	61	1	1
23	0	422	1 	4	1	22
23	0	422	2 	10	1	25
23	0	422	3 	18	1	15
23	0	422	4 	29	1	39
23	0	422	5 	64	1	1
23	0	422	6 	41	1	24
23	0	422	7 	38	1	15
23	0	422	8 	52	1	1
23	0	422	9 	54	1	1
23	0	422	10 	56	0	15
23	0	423	1 	11	0	32
23	0	423	2 	51	0	5
23	0	423	3 	21	0	20
23	0	423	4 	31	0	20
23	0	423	5 	26	0	25
23	0	423	6 	61	0	10
23	0	423	8 	38	0	32
23	0	423	9 	47	0	7
23	0	423	10 	45	0	20
23	0	425	1 	4	1	25
23	0	425	2 	8	1	20
23	0	425	3 	25	1	5
23	0	425	4 	27	1	25
23	0	425	5 	38	1	25
23	0	425	6 	35	1	25
23	0	425	7 	55	1	17
23	0	425	8 	55	0	5
23	0	425	9 	62	1	5
23	0	426	1 	4	0	25
23	0	426	2 	17	0	11
23	0	426	3 	41	0	30
23	0	426	4 	38	0	25
23	0	426	5 	43	0	23
23	0	426	6 	50	0	5
23	0	426	7 	26	0	10
23	0	426	8 	35	0	10
23	0	426	9 	38	1	10
23	0	426	10 	29	0	5
23	0	427	1 	8	1	26
23	0	427	2 	1	1	30
23	0	427	3 	18	1	20
23	0	427	4 	12	1	25
23	0	427	5 	10	1	25
23	0	427	6 	63	1	10
23	0	428	1 	3	0	20
23	0	428	2 	56	0	10
23	0	428	3 	12	0	15
23	0	428	4 	26	0	11
23	0	428	5 	29	0	25
23	0	428	6 	27	0	25
23	0	428	7 	5	0	10
23	0	428	8 	62	0	10
23	0	428	9 	41	0	45
23	0	428	10 	67	0	2
23	0	429	1 	3	0	25
23	0	429	2 	41	0	11
23	0	429	3 	45	0	30
23	0	429	4 	19	0	25
23	0	429	5 	47	0	5
23	0	429	6 	62	0	10
23	0	429	7 	5	0	25
23	0	429	8 	69	0	1
23	0	429	9 	29	0	25
23	0	429	10 	38	0	5
23	0	430	1 	12	1	39
23	0	430	2 	23	1	25
23	0	430	3 	29	1	20
23	0	430	4 	33	1	25
23	0	430	5 	39	1	5
23	0	430	6 	46	1	25
23	0	430	7 	56	1	17
23	0	430	8 	63	1	10
23	0	431	1 	7	1	45
23	0	431	2 	20	1	20
23	0	431	3 	23	1	10
23	0	431	4 	28	1	20
23	0	431	5 	38	1	25
23	0	431	6 	50	1	10
23	0	431	7 	55	1	15
23	0	431	8 	61	1	5
23	0	431	9 	60	0	5
23	0	431	10 	70	1	5
23	0	432	1 	5	0	15
23	0	432	2 	3	0	10
23	0	432	3 	15	0	25
23	0	432	4 	41	0	32
23	0	432	5 	21	0	25
23	0	432	6 	67	0	5
23	0	432	7 	29	0	25
23	0	432	8 	26	0	17
23	0	432	9 	48	0	12
23	0	432	10 	62	0	15
23	0	433	1 	8	1	36
23	0	433	2 	13	1	20
23	0	433	3 	10	1	25
23	0	433	4 	31	1	20
23	0	433	5 	41	1	25
23	0	433	6 	55	1	15
23	0	433	7 	60	1	11
23	0	433	8 	68	1	8
23	0	434	1 	11	1	57
23	0	435	1 	6	0	38
23	0	435	2 	13	0	20
23	0	435	3 	58	0	10
23	0	435	4 	67	0	5
23	0	435	5 	35	0	7
23	0	435	6 	31	0	20
23	0	435	7 	28	0	10
23	0	435	8 	41	0	25
23	0	435	9 	46	0	5
23	0	435	10 	47	1	5
23	0	436	1 	2	1	25
23	0	436	2 	68	1	5
23	0	436	3 	11	1	25
23	0	436	4 	18	1	15
23	0	436	5 	74	1	5
23	0	436	6 	33	1	6
23	0	436	7 	31	1	25
23	0	436	8 	43	1	30
23	0	436	9 	64	1	5
23	0	436	10 	39	1	25
23	0	437	1 	7	1	36
23	0	437	2 	12	1	10
23	0	437	3 	14	1	20
23	0	437	4 	23	1	25
23	0	437	5 	10	1	5
23	0	437	6 	37	1	10
23	0	437	7 	41	1	15
23	0	437	8 	38	1	20
23	0	437	9 	55	1	34
23	0	438	1 	9	0	25
23	0	438	2 	20	0	30
23	0	438	3 	36	0	33
23	0	438	4 	56	0	10
23	0	439	1 	4	1	20
23	0	439	2 	9	1	15
23	0	439	3 	14	0	15
23	0	439	4 	20	1	31
23	0	439	5 	21	0	25
23	0	439	6 	18	1	15
23	0	439	7 	27	0	25
23	0	439	8 	38	1	20
23	0	439	9 	37	1	15
23	0	442	1 	11	0	33
23	0	442	2 	2	0	15
23	0	442	3 	1	0	25
23	0	442	4 	23	0	10
23	0	442	5 	21	0	25
23	0	442	6 	31	0	28
23	0	442	7 	39	0	15
23	0	442	8 	55	0	5
23	0	442	9 	62	0	10
23	0	442	10 	72	0	5
23	0	443	1 	3	0	25
23	0	443	2 	1	0	15
23	0	443	3 	23	0	15
23	0	443	4 	5	0	20
23	0	443	5 	5	1	10
23	0	443	6 	10	0	5
23	0	443	7 	48	0	30
23	0	443	8 	63	1	10
23	0	444	1 	3	0	10
23	0	444	2 	42	0	10
23	0	444	3 	53	0	6
23	0	444	4 	47	0	18
23	0	444	5 	48	0	20
23	0	444	6 	26	0	25
23	0	444	7 	25	0	25
23	0	444	8 	58	0	30
23	0	444	9 	32	0	20
23	0	445	1 	11	1	40
23	0	445	2 	10	1	20
23	0	445	3 	18	1	25
23	0	445	4 	35	1	5
23	0	445	5 	62	1	5
23	0	445	6 	38	1	5
23	0	445	7 	39	1	15
23	0	445	8 	56	1	10
23	0	445	9 	54	1	15
23	0	445	10 	68	1	10
23	0	446	1 	11	0	25
23	0	446	2 	15	0	10
23	0	446	3 	72	0	5
23	0	446	4 	27	0	10
23	0	446	5 	35	0	5
23	0	446	6 	5	0	25
23	0	446	7 	38	0	39
23	0	446	8 	53	0	10
23	0	446	9 	54	0	10
23	0	446	10 	47	0	25
23	0	447	1 	2	1	25
23	0	447	2 	13	1	15
23	0	447	3 	18	1	20
23	0	447	4 	28	1	27
23	0	447	5 	33	1	10
23	0	447	6 	35	1	25
23	0	447	7 	47	1	30
23	0	447	8 	58	1	5
23	0	447	9 	68	1	10
23	0	448	1 	2	1	20
23	0	448	2 	4	1	30
23	0	448	3 	47	1	11
23	0	448	4 	38	1	10
23	0	448	5 	32	1	20
23	0	448	6 	28	1	10
23	0	448	7 	64	1	19
23	0	448	8 	39	1	25
23	0	448	9 	54	1	25
23	0	448	10 	35	0	10
23	0	449	1 	5	0	25
23	0	449	2 	13	0	23
23	0	449	3 	18	0	30
23	0	449	4 	23	0	20
23	0	449	5 	5	1	25
23	0	449	6 	48	0	25
23	0	449	7 	55	0	5
23	0	450	1 	3	1	25
23	0	450	2 	10	1	15
23	0	450	3 	29	1	30
23	0	450	4 	32	1	10
23	0	450	5 	38	1	10
23	0	450	6 	39	1	20
23	0	450	7 	72	1	10
23	0	450	8 	48	1	15
23	0	450	9 	56	1	10
23	0	450	10 	55	1	21
23	0	451	1 	1	0	30
23	0	451	2 	3	0	30
23	0	451	3 	29	0	28
23	0	451	4 	22	0	10
23	0	451	5 	28	0	2
23	0	451	6 	38	0	10
23	0	451	7 	47	0	15
23	0	451	8 	35	0	10
23	0	451	9 	48	0	10
23	0	451	10 	60	1	1
23	0	452	1 	2	1	30
23	0	452	2 	6	1	25
23	0	452	3 	28	1	34
23	0	452	4 	37	1	5
23	0	452	5 	46	1	5
23	0	452	6 	7	1	25
23	0	452	7 	51	1	19
23	0	453	1 	11	1	25
23	0	453	2 	4	1	25
23	0	453	3 	55	1	6
23	0	453	4 	21	1	5
23	0	453	5 	1	1	5
23	0	453	6 	30	1	25
23	0	453	7 	32	1	36
23	0	453	8 	28	1	5
23	0	453	9 	38	1	15
23	0	453	10 	55	0	15
23	0	455	1 	10	1	25
23	0	455	2 	8	1	10
23	0	455	3 	18	1	15
23	0	455	4 	4	1	26
23	0	455	5 	7	1	15
23	0	455	6 	70	1	19
23	0	455	7 	38	1	15
23	0	455	8 	3	0	5
23	0	455	9 	39	1	21
23	0	455	10 	53	1	25
23	0	456	1 	5	0	29
23	0	456	2 	5	1	20
23	0	456	3 	54	0	5
23	0	456	4 	3	0	20
23	0	456	5 	38	0	22
23	0	456	6 	68	1	1
23	0	456	7 	55	0	10
23	0	456	8 	47	0	25
23	0	456	9 	35	0	1
23	0	456	10 	58	0	15
23	0	457	1 	2	0	20
23	0	457	2 	20	0	15
23	0	457	3 	9	0	20
23	0	457	4 	30	0	10
23	0	457	5 	55	0	1
23	0	457	6 	33	0	20
23	0	457	7 	28	0	25
23	0	457	8 	37	0	16
23	0	457	9 	51	0	34
23	0	457	10 	61	0	1
23	0	458	1 	3	1	30
23	0	458	2 	18	1	20
23	0	458	3 	30	1	10
23	0	458	4 	33	1	42
23	0	458	5 	28	1	10
23	0	458	6 	43	1	15
23	0	458	7 	51	1	10
23	0	458	8 	55	0	6
23	0	458	9 	61	1	1
23	0	459	1 	3	0	40
23	0	459	2 	13	0	20
23	0	459	3 	22	0	25
23	0	459	4 	26	0	25
23	0	459	5 	62	0	13
23	0	459	6 	35	0	20
23	0	459	8 	48	0	1
23	0	459	9 	53	0	2
23	0	460	1 	9	0	30
23	0	460	2 	3	0	30
23	0	460	3 	37	0	25
23	0	460	4 	46	0	5
23	0	460	5 	48	0	10
23	0	460	6 	43	0	25
23	0	460	7 	67	0	8
23	0	461	1 	11	0	25
23	0	461	2 	62	0	10
23	0	461	3 	18	0	6
23	0	461	4 	20	0	32
23	0	461	5 	5	0	25
23	0	461	6 	29	0	25
23	0	461	7 	26	0	20
23	0	461	8 	7	0	25
23	0	461	9 	45	0	16
23	0	461	10 	60	0	4
23	0	463	1 	11	0	15
23	0	463	2 	8	0	16
23	0	463	3 	4	0	25
23	0	463	4 	21	0	25
23	0	463	5 	1	0	10
23	0	463	6 	29	0	30
23	0	463	7 	38	0	10
23	0	463	8 	41	0	27
23	0	463	9 	53	0	1
23	0	463	10 	62	0	6
23	0	464	1 	8	1	30
23	0	464	2 	1	1	20
23	0	464	3 	17	1	25
23	0	464	4 	18	1	25
23	0	464	5 	27	1	10
23	0	464	6 	72	1	4
23	0	464	7 	33	1	10
23	0	464	8 	58	1	10
23	0	464	9 	43	1	20
23	0	464	10 	53	1	15
23	0	465	1 	10	1	25
23	0	465	2 	7	0	10
23	0	465	3 	38	1	41
23	0	465	5 	18	1	25
23	0	465	6 	23	1	10
23	0	465	7 	7	1	25
23	0	465	9 	3	1	10
23	0	466	1 	10	0	41
23	0	466	2 	8	1	29
23	0	467	1 	8	0	34
23	0	467	2 	8	1	21
23	0	467	3 	42	0	25
23	0	467	4 	20	0	25
23	0	467	5 	23	0	15
23	0	467	6 	38	0	25
23	0	467	7 	56	1	7
23	0	467	8 	54	1	13
23	0	467	9 	31	0	10
23	0	467	10 	62	0	1
23	0	468	1 	10	1	30
23	0	468	2 	3	0	10
23	0	468	3 	18	1	25
23	0	468	4 	18	0	5
23	0	468	5 	29	1	39
23	0	468	6 	33	1	10
23	0	468	7 	55	1	10
23	0	468	8 	56	1	5
23	0	469	1 	7	1	35
23	0	469	2 	5	1	25
23	0	469	3 	31	1	20
23	0	469	4 	38	1	25
23	0	469	5 	47	1	7
23	0	469	6 	51	1	20
23	0	469	7 	55	1	5
23	0	470	1 	2	1	33
23	0	470	2 	7	1	17
23	0	470	3 	62	1	25
23	0	470	4 	34	1	25
23	0	470	5 	5	1	25
23	0	470	6 	62	0	2
23	0	471	1 	12	0	15
23	0	471	2 	5	0	35
23	0	471	3 	21	0	15
23	0	471	4 	29	0	15
23	0	471	5 	27	0	30
23	0	471	6 	32	0	10
23	0	471	7 	35	0	11
23	0	471	8 	38	0	20
23	0	471	9 	55	0	14
23	0	471	10 	72	0	10
23	0	472	1 	8	1	25
23	0	472	2 	18	1	25
23	0	472	3 	28	1	25
23	0	472	4 	41	1	25
23	0	472	5 	47	1	25
23	0	472	6 	58	1	10
23	0	472	7 	55	1	20
23	0	472	8 	72	1	9
23	0	473	1 	9	1	30
23	0	473	2 	6	1	25
23	0	473	3 	14	1	21
23	0	473	4 	8	1	25
23	0	473	5 	20	1	21
23	0	473	6 	33	1	20
23	0	473	7 	41	1	23
23	0	473	8 	45	1	12
23	0	473	9 	68	1	6
23	0	474	1 	10	0	30
23	0	474	2 	7	0	25
23	0	474	3 	23	0	15
23	0	474	4 	35	0	13
23	0	474	5 	41	0	10
23	0	474	6 	47	0	20
23	0	474	7 	56	0	10
23	0	474	8 	54	0	5
23	0	474	9 	60	0	10
23	0	474	10 	62	0	10
23	0	475	1 	12	1	37
23	0	475	2 	6	1	30
23	0	475	3 	17	1	20
23	0	475	4 	23	1	25
23	0	475	5 	31	1	15
23	0	475	6 	27	1	10
23	0	475	7 	41	1	10
23	0	475	8 	55	1	5
23	0	475	9 	46	1	5
23	0	476	1 	11	0	25
23	0	476	2 	21	0	5
23	0	476	3 	3	0	20
23	0	476	4 	2	0	25
23	0	476	5 	29	0	25
23	0	476	6 	38	0	36
23	0	476	7 	41	0	10
23	0	476	8 	46	0	10
23	0	476	9 	60	0	5
23	0	476	10 	67	0	1
23	0	477	1 	1	0	25
23	0	477	2 	13	0	20
23	0	477	3 	26	0	25
23	0	477	4 	31	0	20
23	0	477	5 	28	0	10
23	0	477	6 	55	0	5
23	0	477	7 	38	0	39
23	0	477	8 	46	0	5
23	0	477	9 	47	0	5
23	0	477	10 	58	0	5
23	0	479	1 	3	0	25
23	0	479	2 	14	0	10
23	0	479	3 	35	0	25
23	0	479	4 	47	0	30
23	0	479	5 	27	0	25
23	0	479	6 	26	0	5
23	0	479	7 	42	0	5
23	0	479	8 	39	0	5
23	0	479	9 	56	0	5
23	0	482	1 	8	1	35
23	0	482	2 	18	1	30
23	0	482	3 	31	1	25
23	0	482	4 	48	1	25
23	0	484	1 	10	1	25
23	0	484	2 	38	1	15
23	0	484	3 	55	0	10
23	0	484	4 	20	1	25
23	0	484	5 	70	1	5
23	0	484	6 	17	1	34
23	0	484	7 	32	1	20
23	0	484	8 	58	1	10
23	0	484	9 	28	1	15
23	0	484	10 	39	1	5
23	0	485	1 	2	1	20
23	0	485	2 	7	1	25
23	0	485	3 	19	1	20
23	0	485	4 	18	1	15
23	0	485	5 	22	1	27
23	0	485	6 	47	1	6
23	0	485	7 	46	1	30
23	0	485	8 	33	1	10
23	0	485	9 	38	1	25
23	0	485	10 	69	1	1
23	0	487	1 	3	0	37
23	0	487	2 	62	0	10
23	0	487	3 	14	0	14
23	0	487	4 	53	0	5
23	0	487	5 	9	0	20
23	0	487	6 	29	0	25
23	0	487	7 	42	0	10
23	0	487	8 	50	0	15
23	0	487	9 	54	0	5
23	0	487	10 	46	0	5
23	0	488	1 	55	1	1
23	0	488	2 	3	0	15
23	0	488	3 	37	1	5
23	0	488	5 	4	1	25
23	0	488	6 	23	1	25
23	0	488	7 	28	1	10
23	0	488	8 	36	1	25
23	0	488	9 	33	1	25
23	0	488	10 	56	1	17
23	0	489	1 	11	1	25
23	0	489	2 	11	0	15
23	0	489	3 	53	1	10
23	0	489	4 	68	0	18
23	0	489	5 	29	0	25
23	0	489	6 	26	0	25
23	0	489	7 	62	0	5
23	0	489	8 	45	0	20
23	0	489	9 	47	1	5
23	0	489	10 	55	0	20
23	0	490	1 	12	1	45
23	0	490	2 	62	1	18
23	0	490	3 	10	1	1
23	0	490	4 	12	0	25
23	0	491	1 	5	0	25
23	0	491	2 	2	0	25
23	0	491	3 	12	0	25
23	0	491	4 	11	1	22
23	0	491	5 	8	0	12
23	0	491	6 	10	1	9
23	0	492	1 	9	1	25
23	0	492	2 	31	1	25
23	0	492	3 	48	1	39
23	0	492	4 	36	1	25
23	0	492	5 	32	1	20
23	0	492	6 	67	1	1
23	0	492	7 	38	1	15
23	0	492	8 	47	1	4
23	0	492	9 	63	0	4
23	0	493	1 	10	0	25
23	0	493	2 	13	1	35
23	0	493	3 	12	1	25
23	0	493	4 	46	0	25
23	0	493	5 	64	1	1
23	0	494	1 	9	0	25
23	0	494	3 	21	0	30
23	0	494	4 	31	0	20
23	0	494	5 	33	0	20
23	0	494	6 	38	0	5
23	0	494	7 	45	0	25
23	0	494	8 	35	0	5
23	0	494	9 	48	0	17
23	0	494	10 	63	0	10
23	0	495	1 	6	0	23
23	0	495	2 	10	0	25
23	0	495	3 	23	0	30
23	0	495	4 	31	0	17
23	0	495	5 	47	0	25
23	0	496	1 	3	0	25
23	0	496	2 	17	0	45
23	0	496	3 	29	0	25
23	0	496	4 	5	0	10
23	0	496	5 	33	0	10
23	0	496	6 	62	1	4
23	0	496	7 	50	1	11
23	0	496	8 	35	0	10
23	0	496	9 	55	0	5
23	0	496	10 	62	0	15
23	0	497	1 	5	0	52
23	0	497	2 	38	0	30
23	0	497	3 	67	0	9
23	0	498	1 	7	1	25
23	0	498	2 	13	1	5
23	0	498	3 	5	1	5
23	0	498	4 	18	1	30
23	0	498	5 	31	1	30
23	0	498	6 	41	1	15
23	0	498	7 	56	1	20
23	0	498	8 	67	1	12
23	0	498	9 	62	1	1
23	0	499	1 	11	1	39
23	0	499	2 	21	1	10
23	0	499	3 	28	1	10
23	0	499	4 	39	1	30
23	0	499	5 	38	1	15
23	0	499	6 	46	1	24
23	0	499	7 	54	1	20
23	0	500	1 	10	1	25
23	0	500	2 	7	1	5
23	0	500	3 	18	1	25
23	0	500	4 	23	1	15
23	0	500	5 	38	1	15
23	0	500	6 	39	1	25
23	0	500	7 	29	1	20
23	0	500	8 	28	1	10
23	0	500	9 	50	1	14
23	0	500	10 	62	1	25
23	0	501	1 	9	0	34
23	0	501	2 	56	0	5
23	0	501	3 	22	0	30
23	0	501	4 	31	0	15
23	0	501	5 	36	0	5
23	0	501	6 	42	0	15
23	0	501	7 	38	0	30
23	0	501	8 	41	0	17
23	0	501	9 	47	0	5
23	0	501	10 	50	0	15
23	0	503	1 	4	1	28
23	0	503	2 	13	1	20
23	0	503	3 	18	1	25
23	0	503	4 	12	1	25
23	0	503	5 	33	1	25
23	0	503	6 	38	1	10
23	0	503	7 	56	1	24
23	0	503	8 	55	1	1
23	0	503	9 	50	1	7
23	0	503	10 	61	1	5
23	0	504	1 	6	1	15
23	0	504	2 	11	1	25
23	0	504	3 	54	1	6
23	0	504	4 	18	1	25
23	0	504	5 	10	1	25
23	0	504	6 	29	1	20
23	0	504	7 	23	1	15
23	0	504	8 	27	1	32
23	0	504	10 	34	1	12
23	0	505	1 	7	1	30
23	0	505	2 	13	1	21
23	0	505	3 	18	1	36
23	0	505	4 	23	1	25
23	0	505	5 	22	1	20
23	0	505	6 	38	1	25
23	0	505	7 	39	1	5
23	0	505	8 	54	1	15
23	0	505	9 	45	1	5
23	0	505	10 	53	1	5
23	0	506	1 	3	0	31
23	0	506	2 	13	0	25
23	0	506	3 	20	0	20
23	0	506	4 	31	0	25
23	0	506	5 	12	0	15
23	0	506	6 	46	0	15
23	0	506	7 	55	0	7
23	0	506	8 	51	0	14
23	0	506	9 	63	0	1
23	0	508	1 	39	1	47
23	0	508	2 	11	1	25
23	0	508	3 	8	1	25
23	0	508	4 	58	1	25
23	0	508	5 	18	1	15
23	0	508	6 	30	1	11
23	0	508	7 	38	1	15
23	0	508	8 	68	1	5
23	0	508	10 	55	1	1
23	0	509	1 	2	1	20
23	0	509	2 	13	1	20
23	0	509	3 	18	1	30
23	0	509	4 	31	1	20
23	0	509	5 	55	1	14
23	0	509	6 	51	1	6
23	0	510	1 	10	1	25
23	0	510	2 	14	1	25
23	0	510	3 	70	1	6
23	0	510	4 	23	1	39
23	0	510	5 	8	1	20
23	0	510	6 	38	1	10
23	0	510	7 	61	1	10
23	0	510	8 	51	1	10
23	0	510	9 	55	1	16
23	0	510	10 	58	1	6
23	0	511	1 	1	1	30
23	0	511	2 	18	1	25
23	0	511	3 	8	1	20
23	0	511	4 	38	1	25
23	0	511	5 	56	1	20
23	0	512	1 	2	1	16
23	0	512	2 	1	1	25
23	0	512	3 	38	1	15
23	0	512	4 	25	1	5
23	0	512	5 	7	1	25
23	0	512	6 	32	1	31
23	0	512	7 	55	1	23
23	0	512	8 	35	0	5
23	0	512	9 	53	1	25
23	0	512	10 	48	1	5
23	0	513	1 	11	0	20
23	0	513	2 	3	0	20
23	0	513	3 	5	0	15
23	0	513	4 	48	0	5
23	0	513	5 	21	0	25
23	0	513	6 	36	0	5
23	0	513	7 	12	1	15
23	0	513	8 	37	0	23
23	0	515	1 	3	0	30
23	0	515	2 	6	0	22
23	0	515	3 	1	0	30
23	0	515	4 	42	0	26
23	0	517	1 	3	0	30
23	0	517	2 	21	0	20
23	0	517	3 	20	0	20
23	0	517	4 	29	0	15
23	0	517	5 	26	0	25
23	0	517	6 	62	0	30
23	0	517	7 	41	0	20
23	0	517	8 	47	0	5
23	0	517	9 	35	0	10
23	0	517	10 	45	0	10
23	0	519	1 	5	1	20
23	0	519	2 	6	1	15
23	0	519	3 	18	1	30
23	0	519	4 	62	0	1
23	0	519	5 	33	1	10
23	0	519	6 	35	1	15
23	0	519	7 	43	1	15
23	0	519	8 	53	1	25
23	0	519	9 	55	1	25
23	0	519	10 	5	0	16
23	0	521	1 	8	0	32
23	0	521	2 	7	0	10
23	0	521	3 	1	0	12
23	0	521	4 	52	0	20
23	0	521	5 	26	0	25
23	0	521	6 	34	0	10
23	0	521	7 	73	0	5
23	0	521	8 	41	0	25
23	0	521	9 	42	0	25
23	0	521	10 	56	0	15
23	0	522	1 	10	1	25
23	0	522	2 	23	1	20
23	0	522	3 	27	1	25
23	0	522	4 	32	1	30
23	0	522	5 	39	1	25
23	0	522	6 	35	1	5
23	0	522	7 	56	1	5
23	0	523	1 	28	1	25
23	0	523	2 	2	1	25
23	0	523	3 	18	1	25
23	0	523	4 	31	1	25
23	0	523	5 	35	1	25
23	0	523	6 	13	1	10
23	0	523	7 	67	1	5
23	0	523	8 	45	1	5
23	0	523	9 	63	1	5
23	0	523	10 	60	1	24
23	0	524	1 	2	1	30
23	0	524	2 	13	1	20
23	0	524	3 	68	1	1
23	0	524	4 	18	1	15
23	0	524	5 	30	1	25
23	0	524	6 	62	1	1
23	0	524	7 	42	1	15
23	0	524	8 	31	1	20
23	0	524	9 	47	1	17
23	0	524	10 	63	1	20
23	0	525	1 	11	1	15
23	0	525	2 	8	1	15
23	0	525	3 	12	1	20
23	0	525	4 	22	1	25
23	0	525	5 	29	1	6
23	0	525	6 	27	1	11
23	0	525	7 	33	1	40
23	0	525	8 	38	1	21
23	0	525	9 	64	1	5
23	0	525	10 	74	1	5
23	0	526	1 	10	0	25
23	0	526	2 	1	0	10
23	0	526	3 	10	1	25
23	0	526	4 	26	0	25
23	0	526	5 	4	0	15
23	0	526	6 	26	1	5
23	0	526	7 	28	0	5
23	0	526	8 	56	0	24
23	0	526	9 	38	0	5
23	0	526	10 	35	0	22
23	0	527	1 	12	1	22
23	0	527	2 	65	1	37
23	0	527	3 	14	1	20
23	0	527	4 	11	1	25
23	0	527	5 	70	1	5
23	0	527	6 	47	1	7
23	0	527	7 	32	1	10
23	0	527	8 	74	1	5
23	0	527	9 	23	1	25
23	0	527	10 	38	1	16
23	0	528	1 	4	1	27
23	0	528	2 	29	1	25
23	0	528	3 	32	1	25
23	0	528	4 	48	1	20
23	0	528	5 	55	1	20
23	0	528	6 	56	1	16
23	0	528	7 	61	1	20
23	0	529	1 	3	0	30
23	0	529	2 	10	0	30
23	0	529	3 	12	0	30
23	0	529	4 	6	0	7
23	0	532	1 	1	1	30
23	0	532	2 	7	1	30
23	0	532	3 	3	0	19
23	0	533	1 	1	0	25
23	0	533	2 	29	0	33
23	0	533	3 	7	0	10
23	0	533	4 	5	0	25
23	0	533	5 	32	0	25
23	0	533	6 	38	0	25
23	0	533	7 	53	0	5
23	0	533	8 	71	0	10
23	0	533	9 	68	0	1
23	0	533	10 	50	0	10
23	0	536	1 	4	1	30
23	0	536	2 	2	1	21
23	0	536	3 	5	1	20
23	0	536	4 	10	1	20
23	0	536	5 	42	1	20
23	0	536	6 	38	1	14
23	0	536	7 	46	1	11
23	0	536	8 	53	1	20
23	0	541	1 	6	1	30
23	0	541	2 	6	0	20
23	0	541	3 	5	1	25
23	0	541	4 	31	1	15
23	0	541	5 	35	1	25
23	0	541	6 	47	1	30
23	0	542	1 	9	0	30
23	0	542	2 	9	1	30
23	0	542	3 	7	1	7
23	0	542	4 	35	1	25
23	0	542	5 	48	1	10
23	0	542	6 	63	0	10
23	0	543	1 	9	0	29
23	0	543	2 	11	0	21
23	0	543	3 	20	0	20
23	0	543	4 	38	0	30
23	0	543	5 	1	0	10
23	0	546	1 	77	0	1
23	0	546	2 	3	0	20
23	0	546	3 	7	0	25
23	0	546	4 	61	0	5
23	0	546	5 	52	0	5
23	0	546	6 	29	0	42
23	0	546	7 	53	0	15
23	0	546	8 	62	0	10
23	0	546	9 	55	0	10
23	0	546	10 	41	0	25
23	0	547	1 	1	1	25
23	0	547	2 	53	1	10
23	0	547	3 	18	1	30
23	0	547	4 	70	1	19
23	0	547	5 	17	1	5
23	0	547	6 	54	1	3
23	0	547	7 	29	1	15
23	0	547	8 	67	1	25
23	0	547	9 	72	1	1
23	0	547	10 	38	1	25
23	0	548	1 	1	0	25
23	0	548	2 	27	0	10
23	0	548	3 	3	0	42
23	0	548	4 	19	0	10
23	0	548	5 	23	0	15
23	0	548	6 	29	0	25
23	0	548	7 	38	0	14
23	0	548	8 	60	0	5
23	0	548	9 	56	0	10
23	0	549	1 	8	0	15
23	0	549	2 	10	1	30
23	0	549	3 	8	1	30
23	0	549	4 	37	1	25
23	0	550	1 	2	1	30
23	0	550	2 	13	1	25
23	0	550	3 	28	1	25
23	0	550	4 	33	1	8
23	0	550	5 	39	1	5
23	0	550	6 	47	1	10
23	0	550	7 	60	1	36
23	0	550	8 	55	0	5
23	0	550	9 	62	1	16
23	0	550	10 	74	1	6
23	0	552	1 	11	0	31
23	0	552	2 	13	0	7
23	0	552	3 	58	0	5
23	0	552	4 	17	0	5
23	0	552	5 	31	0	5
23	0	552	6 	26	0	25
23	0	552	7 	5	0	20
23	0	552	8 	38	0	25
23	0	552	9 	47	0	25
23	0	552	10 	55	0	5
23	0	553	1 	8	1	28
23	0	553	2 	10	1	26
23	0	553	3 	8	0	28
23	0	555	1 	2	1	60
23	0	555	2 	5	1	10
23	0	555	3 	39	1	5
23	0	555	4 	38	1	10
23	0	555	5 	54	1	5
23	0	555	6 	47	1	5
23	0	555	7 	35	0	10
23	0	555	8 	67	1	5
23	0	555	9 	53	0	2
23	0	555	10 	55	1	1
23	0	556	1 	3	0	20
23	0	556	2 	71	0	8
23	0	556	3 	62	0	10
23	0	556	4 	34	0	15
23	0	556	5 	5	0	25
23	0	556	6 	4	0	20
23	0	556	7 	29	0	25
23	0	556	8 	35	0	20
23	0	556	9 	41	0	20
23	0	556	10 	11	0	5
23	0	557	1 	4	1	25
23	0	557	2 	7	1	21
23	0	557	3 	53	1	5
23	0	557	4 	70	1	1
23	0	557	5 	18	1	16
23	0	557	6 	32	1	38
23	0	557	7 	31	1	25
23	0	557	8 	48	1	15
23	0	557	9 	55	1	5
23	0	557	10 	35	0	10
23	0	558	1 	11	1	25
23	0	558	2 	2	1	20
23	0	558	3 	20	1	20
23	0	558	4 	22	1	20
23	0	558	5 	36	1	10
23	0	558	6 	46	1	30
23	0	558	7 	38	1	25
23	0	559	1 	8	0	25
23	0	559	2 	4	0	20
23	0	559	3 	29	0	25
23	0	559	4 	26	0	30
23	0	559	5 	38	0	25
23	0	559	6 	41	0	20
23	0	559	7 	70	0	6
23	0	559	8 	74	0	4
23	0	560	1 	2	1	25
23	0	560	2 	56	1	5
23	0	560	3 	47	1	5
23	0	560	4 	18	1	25
23	0	560	5 	29	1	39
23	0	560	6 	31	1	20
23	0	560	7 	62	1	5
23	0	560	8 	32	1	20
23	0	560	9 	48	1	10
23	0	560	10 	38	1	17
23	0	561	1 	9	0	25
23	0	561	2 	3	0	5
23	0	561	3 	62	0	11
23	0	561	4 	26	0	42
23	0	561	5 	5	0	15
23	0	561	7 	34	0	25
23	0	561	8 	46	0	5
23	0	561	9 	58	0	25
23	0	561	10 	63	0	16
23	0	562	1 	1	0	30
23	0	562	2 	31	1	30
23	0	562	3 	5	0	30
23	0	562	4 	2	1	8
23	0	562	5 	64	0	10
23	0	563	1 	11	0	30
23	0	563	2 	62	0	1
23	0	563	3 	14	0	15
23	0	563	4 	55	0	5
23	0	563	5 	21	1	20
23	0	563	6 	3	0	20
23	0	563	7 	46	1	35
23	0	563	8 	31	1	20
23	0	563	9 	38	0	15
23	0	563	10 	39	0	15
23	0	564	1 	7	1	30
23	0	564	2 	13	1	10
23	0	564	3 	18	1	33
23	0	564	4 	32	1	20
23	0	564	5 	34	1	10
23	0	564	6 	3	1	25
23	0	564	7 	55	1	5
23	0	564	8 	5	0	15
23	0	565	1 	2	1	25
23	0	565	2 	5	1	20
23	0	565	3 	22	1	36
23	0	565	4 	41	1	25
23	0	565	5 	27	1	10
23	0	565	6 	35	0	19
23	0	565	8 	50	1	5
23	0	565	9 	46	1	20
23	0	565	10 	53	1	15
23	0	566	1 	6	1	15
23	0	566	2 	10	1	5
23	0	566	3 	45	1	25
23	0	566	4 	7	1	31
23	0	566	5 	56	1	24
23	0	566	6 	29	1	25
23	0	566	7 	27	0	10
23	0	566	8 	61	1	10
23	0	566	9 	32	1	20
23	0	566	10 	46	1	5
23	0	567	1 	1	0	30
23	0	567	2 	53	1	1
23	0	567	4 	46	1	23
23	0	567	6 	11	0	10
23	0	567	8 	1	1	15
23	0	567	9 	42	0	15
23	0	567	10 	5	0	19
23	0	568	1 	2	1	16
23	0	568	2 	4	1	25
23	0	568	3 	18	1	25
23	0	568	4 	29	1	35
23	0	568	5 	33	1	5
23	0	568	6 	54	1	5
23	0	568	7 	31	1	21
23	0	568	8 	36	1	5
23	0	568	9 	50	1	20
23	0	568	10 	62	1	5
23	0	569	1 	4	0	30
23	0	569	2 	9	0	20
23	0	569	3 	31	0	15
23	0	569	4 	38	0	30
23	0	569	5 	41	0	25
23	0	569	6 	54	0	15
23	0	569	7 	61	0	5
23	0	569	8 	35	0	9
23	0	569	9 	56	0	10
23	0	569	10 	67	0	1
23	0	570	1 	3	0	20
23	0	570	2 	5	0	25
23	0	570	3 	55	0	15
23	0	570	4 	41	0	33
23	0	570	5 	56	0	5
23	0	570	6 	23	0	10
23	0	570	7 	27	0	33
23	0	570	8 	35	0	10
23	0	570	9 	61	0	5
23	0	570	10 	67	0	1
23	0	571	1 	35	1	5
23	0	571	2 	12	1	45
23	0	571	3 	62	1	20
23	0	571	4 	36	1	7
23	0	571	5 	8	1	25
23	0	571	6 	50	1	5
23	0	571	7 	72	1	5
23	0	571	8 	54	1	5
23	0	571	9 	41	1	12
23	0	571	10 	47	1	5
23	0	572	1 	3	0	25
23	0	572	2 	9	0	10
23	0	572	3 	14	0	10
23	0	572	4 	22	0	35
23	0	572	5 	32	0	25
23	0	572	6 	48	1	5
23	0	572	7 	47	0	25
23	0	572	8 	46	0	10
23	0	572	9 	62	0	10
23	0	573	1 	3	0	47
23	0	573	2 	41	0	16
23	0	573	3 	35	0	10
23	0	573	4 	62	0	25
23	0	573	5 	20	0	10
23	0	573	6 	23	0	20
23	0	573	7 	26	0	25
23	0	573	8 	27	0	10
23	0	573	9 	53	0	5
23	0	573	10 	52	0	5
23	0	574	1 	3	0	20
23	0	574	2 	5	0	25
23	0	574	3 	12	1	15
23	0	574	4 	45	0	25
23	0	574	5 	71	0	6
23	0	574	6 	12	0	25
23	0	574	7 	33	0	20
23	0	574	8 	46	0	25
23	0	574	9 	62	0	10
23	0	575	1 	9	1	33
23	0	575	2 	15	1	25
23	0	575	3 	22	1	15
23	0	575	4 	29	1	10
23	0	575	5 	34	1	25
23	0	575	6 	64	1	10
23	0	575	7 	45	1	11
23	0	575	8 	48	1	20
23	0	575	9 	60	1	21
23	0	575	10 	53	1	5
23	0	576	1 	1	0	25
23	0	576	2 	4	0	30
23	0	576	3 	21	0	15
23	0	576	4 	23	0	15
23	0	576	5 	31	1	10
23	0	576	6 	62	0	19
23	0	576	7 	73	0	1
23	0	577	1 	11	1	34
23	0	577	2 	69	1	5
23	0	577	3 	18	1	43
23	0	577	4 	45	1	15
23	0	577	5 	48	1	5
23	0	577	6 	29	1	15
23	0	577	7 	31	1	7
23	0	577	8 	60	1	5
23	0	577	9 	34	1	22
23	0	577	10 	38	1	15
23	0	578	1 	12	0	26
23	0	578	2 	14	0	20
23	0	578	3 	20	0	20
23	0	578	4 	23	0	20
23	0	578	5 	46	0	35
23	0	578	6 	51	0	20
23	0	579	1 	10	1	38
23	0	579	2 	4	1	25
23	0	579	3 	11	1	25
23	0	579	4 	3	1	20
23	0	579	5 	45	1	10
23	0	579	6 	54	1	20
23	0	579	7 	72	1	5
23	0	580	1 	4	0	25
23	0	580	2 	10	0	10
23	0	580	3 	13	0	15
23	0	580	4 	62	0	20
23	0	580	5 	41	0	25
23	0	580	6 	29	0	33
23	0	580	7 	27	0	10
23	0	580	8 	67	0	4
23	0	580	9 	50	0	25
23	0	580	10 	54	0	5
23	0	581	1 	7	1	30
23	0	581	2 	20	1	25
23	0	581	3 	32	1	30
23	0	581	4 	42	1	5
23	0	581	5 	48	1	5
23	0	581	6 	51	1	5
23	0	582	1 	8	1	38
23	0	582	2 	3	0	10
23	0	582	3 	56	0	5
23	0	582	4 	20	0	11
23	0	582	5 	26	0	25
23	0	582	6 	62	0	5
23	0	582	7 	33	0	25
23	0	582	8 	42	0	10
23	0	582	9 	41	0	20
23	0	582	10 	58	0	10
23	0	583	1 	6	1	25
23	0	583	2 	13	1	25
23	0	583	3 	18	1	30
23	0	583	4 	31	1	15
23	0	583	5 	33	1	10
23	0	583	6 	38	1	10
23	0	583	7 	37	1	20
23	0	583	8 	54	1	5
23	0	583	9 	53	1	20
23	0	583	10 	67	1	5
23	0	584	1 	5	0	25
23	0	584	2 	3	0	20
23	0	584	3 	20	0	15
23	0	584	4 	21	0	25
23	0	584	5 	31	0	5
23	0	584	6 	38	0	30
23	0	584	7 	48	0	5
23	0	584	8 	56	0	13
23	0	584	9 	53	0	20
23	0	584	10 	64	0	5
23	0	585	1 	11	0	30
23	0	585	2 	1	0	24
23	0	585	3 	26	0	14
23	0	585	4 	32	0	10
23	0	585	5 	38	0	30
23	0	585	6 	39	0	15
23	0	585	7 	55	0	5
23	0	585	8 	60	0	10
23	0	585	9 	72	0	10
23	0	585	10 	71	0	10
23	0	586	1 	9	0	30
23	0	586	2 	5	0	15
23	0	586	3 	13	0	25
23	0	586	4 	22	0	25
23	0	586	5 	26	0	20
23	0	586	6 	48	0	20
23	0	586	7 	55	0	15
23	0	586	8 	71	0	9
23	0	587	1 	11	0	15
23	0	587	2 	5	0	25
23	0	587	3 	1	0	5
23	0	587	4 	38	0	45
23	0	587	5 	22	0	30
23	0	587	6 	67	0	6
23	0	587	7 	69	0	1
23	0	587	8 	71	0	13
23	0	588	1 	11	0	25
23	0	588	2 	69	0	1
23	0	588	3 	70	0	10
23	0	588	4 	41	0	28
23	0	588	5 	62	0	10
23	0	588	6 	22	0	36
23	0	588	7 	38	0	15
23	0	588	8 	51	0	11
23	0	588	9 	5	0	15
23	0	588	10 	50	0	10
23	0	589	1 	7	1	14
23	0	589	2 	6	1	20
23	0	589	3 	18	1	30
23	0	589	4 	8	1	20
23	0	589	5 	46	1	30
23	0	589	6 	55	1	20
23	0	589	7 	51	1	1
23	0	589	8 	63	1	1
23	0	590	1 	2	1	33
23	0	590	2 	26	0	25
23	0	590	3 	35	1	22
23	0	590	4 	46	1	21
23	0	590	5 	51	1	21
23	0	590	6 	71	1	10
23	0	591	1 	12	0	22
23	0	591	2 	11	0	20
23	0	591	3 	1	0	25
23	0	591	4 	32	0	25
23	0	591	5 	48	0	25
23	0	591	6 	51	0	5
23	0	593	1 	3	1	30
23	0	593	2 	8	1	30
23	0	593	3 	6	1	25
23	0	593	4 	2	1	20
23	0	594	1 	2	1	30
23	0	594	2 	13	1	25
23	0	594	3 	18	1	25
23	0	594	4 	28	1	25
23	0	594	6 	46	1	15
23	0	594	7 	47	1	5
23	0	594	8 	35	1	23
23	0	594	9 	60	1	10
23	0	594	10 	63	1	1
23	0	595	1 	10	1	40
23	0	595	2 	4	1	15
23	0	595	3 	28	1	20
23	0	595	4 	39	1	19
23	0	595	5 	38	1	15
23	0	595	6 	35	0	19
23	0	595	7 	50	1	15
23	0	595	8 	55	1	20
23	0	596	1 	12	1	20
23	0	596	2 	61	1	4
23	0	596	3 	14	1	20
23	0	596	4 	33	1	5
23	0	596	5 	21	1	20
23	0	596	6 	53	1	30
23	0	596	7 	23	1	25
23	0	596	8 	62	1	4
23	0	596	9 	67	1	5
23	0	596	10 	56	1	25
23	0	597	1 	7	1	33
23	0	597	2 	13	1	25
23	0	597	3 	26	1	10
23	0	597	4 	34	1	25
23	0	597	5 	35	0	10
23	0	597	6 	38	1	25
23	0	597	7 	46	1	5
23	0	597	8 	55	1	10
23	0	597	9 	71	1	10
23	0	598	1 	10	1	25
23	0	598	2 	17	1	25
23	0	598	3 	29	1	20
23	0	598	4 	8	1	20
23	0	598	5 	39	1	13
23	0	598	6 	50	1	20
23	0	598	7 	55	1	39
23	0	598	8 	35	1	1
23	0	599	1 	8	0	25
23	0	599	2 	38	0	20
23	0	599	3 	71	0	19
23	0	599	4 	26	0	25
23	0	599	5 	33	0	25
23	0	599	6 	63	0	5
23	0	599	7 	47	0	15
23	0	599	8 	72	0	1
23	0	599	9 	46	0	20
23	0	599	10 	67	0	10
23	0	600	1 	2	1	25
23	0	600	2 	5	1	16
23	0	600	3 	63	0	5
23	0	600	4 	31	1	28
23	0	600	5 	33	1	25
23	0	600	6 	34	1	10
23	0	600	7 	45	0	10
23	0	600	8 	46	1	14
23	0	600	9 	51	0	15
23	0	600	10 	63	1	10
23	0	601	1 	2	1	25
23	0	601	2 	13	1	20
23	0	601	3 	18	1	25
23	0	601	4 	7	1	5
23	0	601	5 	10	1	25
23	0	601	6 	46	1	5
23	0	601	7 	35	0	10
23	0	601	8 	53	1	30
23	0	601	9 	61	1	16
23	0	601	10 	62	1	1
23	0	602	1 	2	1	20
23	0	602	2 	13	1	15
23	0	602	3 	22	1	25
23	0	602	4 	26	0	20
23	0	602	5 	32	1	30
23	0	602	6 	55	0	15
23	0	602	7 	46	1	24
23	0	602	8 	61	1	1
23	0	603	1 	12	1	30
23	0	603	2 	10	1	10
23	0	603	3 	23	1	15
23	0	603	4 	55	1	5
23	0	603	5 	28	1	5
23	0	603	6 	29	1	30
23	0	603	7 	72	1	1
23	0	603	8 	35	1	10
23	0	603	9 	50	1	15
23	0	603	10 	56	1	40
23	0	604	1 	12	1	21
23	0	604	2 	12	0	20
23	0	604	3 	14	1	21
23	0	604	4 	20	1	19
23	0	604	5 	23	1	24
23	0	604	6 	33	1	25
23	0	604	7 	46	1	21
23	0	604	8 	56	1	19
23	0	604	9 	56	0	10
23	0	604	10 	61	1	10
23	0	605	1 	1	1	25
23	0	605	2 	8	1	22
23	0	605	3 	20	1	10
23	0	605	4 	26	0	13
23	0	605	5 	31	1	49
23	0	605	6 	37	1	25
23	0	605	7 	58	1	5
23	0	605	8 	45	0	15
23	0	605	10 	56	0	10
23	0	606	1 	2	1	20
23	0	606	2 	1	1	30
23	0	606	3 	11	1	25
23	0	606	4 	52	1	5
23	0	606	5 	72	1	5
23	0	606	6 	34	1	15
23	0	606	7 	45	0	10
23	0	606	8 	48	1	5
23	0	606	9 	56	1	10
23	0	606	10 	53	1	35
23	0	607	1 	12	1	25
23	0	607	2 	2	1	10
23	0	607	3 	13	1	25
23	0	607	4 	14	1	25
23	0	607	5 	42	1	5
23	0	607	6 	48	1	20
23	0	607	7 	6	1	5
23	0	607	8 	11	1	5
23	0	607	9 	56	1	19
23	0	610	1 	8	0	35
23	0	610	2 	2	1	11
23	0	610	3 	18	0	33
23	0	610	4 	6	0	10
23	0	610	5 	31	0	21
23	0	610	6 	42	0	16
23	0	610	7 	48	0	15
23	0	611	1 	11	0	25
23	0	611	2 	9	0	5
23	0	611	3 	62	0	8
23	0	611	4 	21	0	30
23	0	611	5 	53	0	25
23	0	611	6 	27	0	10
23	0	611	7 	58	0	1
23	0	611	8 	55	0	25
23	0	611	9 	35	0	25
23	0	611	10 	68	0	5
23	0	612	1 	48	1	5
23	0	612	2 	8	1	20
23	0	612	3 	18	1	27
23	0	612	4 	3	1	24
23	0	612	5 	10	1	25
23	0	612	6 	38	1	34
23	0	612	7 	46	1	10
23	0	612	8 	53	1	10
23	0	613	1 	7	0	30
23	0	613	2 	41	0	5
23	0	613	3 	17	0	27
23	0	613	4 	18	0	15
23	0	613	5 	62	0	10
23	0	613	6 	38	0	20
23	0	613	7 	5	0	15
23	0	613	8 	55	0	5
23	0	613	9 	47	0	33
23	0	613	10 	42	0	5
23	0	614	1 	19	1	49
23	0	614	2 	47	1	25
23	0	614	3 	5	1	25
23	0	614	4 	11	1	15
23	0	614	5 	46	1	10
23	0	614	6 	45	0	15
23	0	614	7 	34	1	10
23	0	614	8 	68	0	5
23	0	614	9 	66	0	1
23	0	614	10 	62	1	5
23	0	616	1 	2	1	20
23	0	616	2 	62	1	5
23	0	616	3 	18	1	15
23	0	616	4 	67	0	1
23	0	616	5 	60	1	10
23	0	616	6 	11	1	20
23	0	616	7 	33	1	42
23	0	616	8 	45	1	15
23	0	616	9 	61	1	5
23	0	616	10 	53	1	15
23	0	617	1 	12	0	25
23	0	617	2 	3	0	20
23	0	617	3 	56	0	25
23	0	617	4 	5	0	27
23	0	617	5 	20	0	17
23	0	617	6 	71	0	10
23	0	617	7 	72	0	1
23	0	617	8 	62	0	15
23	0	617	9 	46	0	6
23	0	617	10 	45	0	20
23	0	618	1 	6	1	30
23	0	618	2 	4	1	21
23	0	618	3 	31	1	42
23	0	618	4 	33	1	20
23	0	618	5 	46	1	20
23	0	618	6 	70	1	1
23	0	618	7 	50	1	10
23	0	618	8 	61	1	5
23	0	618	9 	69	1	5
23	0	618	10 	68	1	5
23	0	619	1 	9	1	30
23	0	619	2 	12	1	25
23	0	619	3 	23	1	25
23	0	619	4 	28	1	35
23	0	619	5 	64	1	4
23	0	619	6 	46	1	10
23	0	619	7 	55	1	5
23	0	619	8 	56	1	10
23	0	619	9 	53	1	5
23	0	619	10 	62	0	5
23	0	620	1 	56	1	5
23	0	620	2 	7	1	25
23	0	620	3 	20	1	25
23	0	620	4 	27	1	15
23	0	620	5 	23	1	20
23	0	620	6 	31	1	20
23	0	620	7 	41	1	5
23	0	620	8 	39	1	29
23	0	620	9 	35	1	10
23	0	620	10 	51	1	15
23	0	621	1 	11	0	30
23	0	621	2 	38	0	25
23	0	621	3 	69	0	25
23	0	621	4 	45	0	15
23	0	621	5 	47	0	5
23	0	621	6 	62	0	9
23	0	621	7 	26	0	12
23	0	621	8 	1	0	25
23	0	621	9 	71	0	5
23	0	621	10 	75	0	5
23	0	622	1 	1	1	25
23	0	622	2 	5	1	10
23	0	622	3 	18	1	25
23	0	622	4 	53	1	39
23	0	622	5 	32	1	20
23	0	622	6 	74	1	10
23	0	622	7 	55	0	5
23	0	622	8 	38	1	15
23	0	622	9 	7	1	25
23	0	622	10 	72	1	6
23	0	623	1 	20	0	33
23	0	623	2 	31	0	20
23	0	623	3 	9	0	20
23	0	623	4 	2	0	15
23	0	623	5 	3	0	11
23	0	623	6 	48	0	20
23	0	623	7 	58	1	10
23	0	623	8 	63	0	23
23	0	624	1 	10	1	38
23	0	624	2 	18	1	25
23	0	624	3 	20	1	15
23	0	624	4 	50	1	20
23	0	624	5 	61	1	1
23	0	624	6 	33	1	15
23	0	624	7 	67	1	1
23	0	624	8 	53	1	10
23	0	624	9 	62	1	7
23	0	624	10 	41	1	25
23	0	626	1 	1	1	14
23	0	626	2 	7	1	14
23	0	626	3 	10	1	12
23	0	626	4 	4	1	12
23	0	626	5 	11	1	6
23	0	626	6 	8	1	3
23	0	629	1 	7	1	30
23	0	629	2 	3	0	10
23	0	629	3 	2	1	25
23	0	629	4 	17	1	23
23	0	629	5 	4	1	5
23	0	629	6 	10	1	25
23	0	629	7 	46	1	10
23	0	630	1 	8	1	25
23	0	630	2 	4	1	20
23	0	630	3 	61	1	10
23	0	630	4 	23	1	20
23	0	630	5 	32	1	30
23	0	630	6 	29	1	15
23	0	630	7 	50	1	26
23	0	630	8 	38	1	20
23	0	630	9 	70	1	1
23	0	630	10 	53	1	10
23	0	632	1 	3	0	25
23	0	632	2 	9	1	25
23	0	632	3 	24	1	25
23	0	632	4 	9	0	25
23	0	632	5 	46	0	30
23	0	633	1 	12	1	30
23	0	633	2 	2	1	15
23	0	633	3 	13	1	15
23	0	633	4 	20	1	10
23	0	633	5 	23	1	25
23	0	633	6 	27	1	10
23	0	633	7 	61	1	19
23	0	633	8 	46	1	25
23	0	633	10 	56	1	30
23	0	634	1 	10	1	25
23	0	634	2 	50	1	20
23	0	634	3 	18	1	15
23	0	634	4 	67	1	4
23	0	634	5 	29	1	20
23	0	634	6 	27	1	45
23	0	634	7 	32	1	5
23	0	634	8 	53	1	20
23	0	634	9 	76	1	1
23	0	634	10 	62	0	10
23	0	636	1 	3	0	25
23	0	636	2 	13	0	15
23	0	636	3 	14	0	15
23	0	636	4 	11	0	20
23	0	636	5 	6	0	10
23	0	637	1 	10	1	21
23	0	637	2 	20	1	20
23	0	637	3 	21	1	15
23	0	640	1 	5	0	39
23	0	640	2 	15	0	10
23	0	640	3 	20	0	15
23	0	640	4 	23	0	5
23	0	640	5 	28	0	25
23	0	640	6 	36	0	25
23	0	640	7 	37	0	5
23	0	640	8 	56	0	14
23	0	641	1 	11	1	30
23	0	641	2 	4	1	22
23	0	641	3 	23	1	30
23	0	641	4 	31	1	20
23	0	641	5 	38	1	20
23	0	641	6 	46	1	20
23	0	641	7 	58	1	15
23	0	641	8 	62	1	5
23	0	642	1 	4	1	35
23	0	642	2 	13	1	5
23	0	642	3 	14	1	23
23	0	642	4 	11	1	15
23	0	642	5 	10	1	10
23	0	642	6 	8	1	25
23	0	643	1 	7	1	26
23	0	643	2 	10	1	25
23	0	643	3 	18	1	20
23	0	643	4 	23	1	25
23	0	643	5 	22	1	4
23	0	643	6 	29	1	15
23	0	643	7 	33	1	4
23	0	643	8 	41	1	25
23	0	643	9 	38	1	31
23	0	643	10 	52	1	5
23	0	644	1 	11	1	24
23	0	644	2 	3	0	21
23	0	644	3 	13	1	18
23	0	646	1 	8	1	31
23	0	646	2 	8	0	43
23	0	646	3 	18	0	10
23	0	647	1 	2	1	25
23	0	647	2 	13	1	20
23	0	647	3 	18	1	30
23	0	647	4 	10	1	23
23	0	647	5 	56	1	5
23	0	647	6 	29	1	15
23	0	647	7 	54	1	33
23	0	647	8 	76	1	4
23	0	647	9 	38	1	15
23	0	647	10 	52	1	10
23	0	649	1 	10	1	35
23	0	649	2 	12	1	10
23	0	649	3 	4	1	5
23	0	650	1 	12	1	25
23	0	650	2 	14	1	25
23	0	650	3 	71	1	1
23	0	650	4 	3	1	10
23	0	650	5 	46	1	15
23	0	650	6 	33	1	36
23	0	650	7 	53	1	15
23	0	650	8 	41	1	25
23	0	650	9 	56	1	4
23	0	650	10 	61	1	5
23	0	652	1 	2	1	30
23	0	652	2 	8	1	20
23	0	652	3 	62	1	1
23	0	652	4 	9	1	20
23	0	652	5 	27	1	20
23	0	652	6 	28	1	25
23	0	652	7 	67	1	1
23	0	652	8 	38	1	35
23	0	652	9 	72	1	3
23	0	652	10 	53	1	10
23	0	655	1 	6	0	15
23	0	655	2 	55	0	5
23	0	655	3 	71	0	11
23	0	655	4 	22	0	25
23	0	655	5 	5	0	25
23	0	655	6 	26	0	25
23	0	655	7 	29	0	25
23	0	655	8 	40	0	30
23	0	655	9 	58	0	5
23	0	655	10 	38	1	10
23	0	656	1 	11	0	25
23	0	656	2 	5	0	10
23	0	656	3 	28	0	42
23	0	656	4 	30	0	5
23	0	656	5 	41	0	25
23	0	656	6 	63	0	5
23	0	656	7 	62	0	10
23	0	656	8 	58	0	18
23	0	656	9 	67	0	5
23	0	657	1 	3	0	30
23	0	657	2 	67	0	10
23	0	657	3 	62	0	5
23	0	657	4 	36	0	5
23	0	657	5 	41	0	15
23	0	657	6 	21	0	23
23	0	657	7 	5	0	25
23	0	657	8 	53	0	15
23	0	657	9 	42	0	5
23	0	657	10 	45	0	14
23	0	659	1 	8	1	30
23	0	659	2 	15	1	30
23	0	659	3 	38	1	30
23	0	659	4 	33	1	33
23	0	660	1 	58	1	31
23	0	660	2 	8	1	30
23	0	660	3 	72	1	5
23	0	660	4 	18	1	25
23	0	660	5 	23	1	25
23	0	660	6 	52	1	10
23	0	660	7 	29	1	15
23	0	660	8 	33	1	25
23	0	660	9 	74	1	2
23	0	660	10 	56	1	12
23	0	661	1 	7	1	43
23	0	661	2 	12	1	25
23	0	661	3 	29	1	25
23	0	661	4 	33	1	25
23	0	661	5 	58	1	15
23	0	661	6 	50	1	6
23	0	661	7 	52	0	10
23	0	661	8 	62	0	11
23	0	661	9 	71	1	1
23	0	662	1 	4	1	30
23	0	662	2 	23	0	15
23	0	662	3 	13	0	20
23	0	662	4 	12	1	10
23	0	662	5 	62	0	15
23	0	662	6 	35	0	25
23	0	662	7 	54	1	5
23	0	662	8 	41	0	8
23	0	662	9 	50	1	33
23	0	662	10 	60	0	5
23	0	666	1 	8	1	20
23	0	666	2 	26	0	25
23	0	666	3 	42	1	15
23	0	666	4 	58	1	5
23	0	666	5 	68	1	1
23	0	666	6 	33	1	25
23	0	666	7 	53	1	30
23	0	666	8 	32	1	15
23	0	666	9 	27	1	10
23	0	666	10 	35	0	20
23	0	667	1 	3	0	30
23	0	667	2 	20	0	5
23	0	667	3 	29	0	28
23	0	667	4 	31	1	10
23	0	667	5 	37	0	25
23	0	667	6 	62	0	15
23	0	667	7 	41	0	15
23	0	667	8 	35	0	5
23	0	667	9 	56	0	25
23	0	667	10 	70	0	10
23	0	668	1 	6	1	25
23	0	668	2 	14	1	20
23	0	668	3 	20	1	25
23	0	668	4 	12	1	20
23	0	668	5 	29	1	25
23	0	668	6 	55	1	1
23	0	668	7 	31	1	20
23	0	668	8 	56	1	5
23	0	668	9 	46	1	25
23	0	668	10 	62	1	1
23	0	669	1 	6	1	25
23	0	669	2 	47	1	10
23	0	669	3 	8	1	25
23	0	669	4 	18	1	25
23	0	669	5 	23	1	14
23	0	669	6 	31	1	5
23	0	669	7 	68	1	24
23	0	669	8 	55	0	5
23	0	669	9 	38	1	25
23	0	669	10 	72	1	5
23	0	670	1 	11	1	25
23	0	670	2 	7	1	25
23	0	670	3 	1	1	20
23	0	670	4 	53	1	32
23	0	670	5 	18	1	25
23	0	670	6 	38	1	21
23	0	670	7 	32	1	10
23	0	670	8 	48	1	5
23	0	670	9 	46	1	5
23	0	670	10 	70	1	10
23	0	671	1 	2	1	45
23	0	672	1 	2	1	42
23	0	672	2 	7	1	26
23	0	672	3 	8	1	25
23	0	672	4 	38	1	25
23	0	672	5 	69	1	5
23	0	672	6 	67	1	9
23	0	672	7 	62	1	15
23	0	674	1 	2	1	25
23	0	674	2 	11	1	25
23	0	674	3 	22	1	36
23	0	674	4 	46	1	5
23	0	674	5 	30	1	5
23	0	674	6 	28	1	20
23	0	674	7 	33	1	10
23	0	674	8 	79	1	7
23	0	674	9 	72	1	10
23	0	674	10 	53	1	13
23	0	677	1 	5	0	30
23	0	677	2 	13	0	30
23	0	677	3 	2	1	5
23	0	677	4 	4	0	15
23	0	677	5 	47	0	25
23	0	677	6 	35	0	1
23	0	677	7 	63	0	19
23	0	678	1 	7	1	36
23	0	678	2 	6	1	20
23	0	678	3 	18	1	20
23	0	678	4 	62	1	5
23	0	678	5 	53	1	10
23	0	678	6 	29	1	15
23	0	678	7 	36	1	25
23	0	678	8 	45	1	15
23	0	678	9 	54	1	15
23	0	678	10 	50	1	5
23	0	679	1 	6	0	30
23	0	679	2 	13	0	20
23	0	679	3 	31	0	25
23	0	679	4 	38	0	25
23	0	679	5 	54	0	10
23	0	679	6 	47	0	26
23	0	679	7 	63	0	9
23	0	680	1 	3	0	30
23	0	680	2 	12	0	30
23	0	680	3 	10	0	15
23	0	681	1 	1	1	30
23	0	681	2 	62	0	28
23	0	681	3 	8	1	20
23	0	681	4 	12	1	25
23	0	681	5 	79	0	1
23	0	681	6 	67	0	1
23	0	681	7 	46	0	10
23	0	681	8 	45	0	25
23	0	681	9 	47	0	10
23	0	681	10 	55	0	5
23	0	682	1 	3	0	20
23	0	682	2 	8	0	25
23	0	682	3 	23	0	1
23	0	682	4 	1	0	30
23	0	683	1 	6	0	35
23	0	683	2 	1	0	5
23	0	683	3 	20	0	25
23	0	683	4 	27	0	15
23	0	683	5 	42	0	25
23	0	683	6 	48	0	15
23	0	683	7 	58	0	15
23	0	683	8 	62	0	5
23	0	684	1 	7	1	31
23	0	684	2 	4	1	15
23	0	684	3 	13	1	15
23	0	684	4 	55	1	20
23	0	684	5 	53	1	15
23	0	684	6 	29	1	25
23	0	684	7 	70	1	12
23	0	684	8 	23	1	5
23	0	684	9 	47	1	10
23	0	684	10 	56	1	15
23	0	685	1 	8	1	30
23	0	685	2 	1	1	20
23	0	685	3 	8	0	30
23	0	685	4 	20	1	10
23	0	685	5 	32	1	20
23	0	685	6 	33	1	23
23	0	685	7 	41	1	10
23	0	685	8 	43	1	10
23	0	686	1 	6	1	39
23	0	686	2 	34	1	10
23	0	686	3 	19	1	20
23	0	686	4 	10	1	15
23	0	686	5 	29	1	10
23	0	686	6 	31	1	23
23	0	686	7 	39	1	25
23	0	686	8 	1	1	5
23	0	686	9 	35	0	10
23	0	686	10 	56	1	19
23	0	687	1 	30	1	25
23	0	687	2 	54	1	25
23	0	687	3 	37	1	10
23	0	687	4 	6	1	30
23	0	687	5 	29	1	25
23	0	687	6 	18	1	25
23	0	687	7 	33	1	17
23	0	687	8 	74	1	10
23	0	687	9 	55	0	5
23	0	687	10 	64	1	10
23	0	688	1 	3	0	30
23	0	688	2 	3	1	15
23	0	688	3 	11	0	5
23	0	688	4 	56	0	5
23	0	688	6 	32	0	15
23	0	688	7 	9	0	14
23	0	688	8 	5	0	25
23	0	688	9 	10	0	5
23	0	688	10 	6	0	9
23	0	689	1 	2	1	23
23	0	689	2 	9	1	30
23	0	689	3 	9	0	22
23	0	689	4 	32	1	27
23	0	689	5 	33	0	5
23	0	689	6 	11	1	15
23	0	689	7 	43	1	17
23	0	690	1 	12	0	15
23	0	690	2 	72	0	1
23	0	690	3 	74	0	19
23	0	690	4 	23	0	20
23	0	690	5 	26	0	7
23	0	690	6 	29	0	25
23	0	690	7 	27	0	34
23	0	690	8 	56	0	15
23	0	690	9 	62	0	18
23	0	690	10 	35	0	10
23	0	691	1 	2	1	20
23	0	691	2 	11	1	25
23	0	691	3 	13	1	25
23	0	691	4 	20	1	25
23	0	691	5 	24	1	15
23	0	691	6 	28	1	14
23	0	691	7 	67	0	1
23	0	691	8 	47	1	42
23	0	691	9 	68	1	1
23	0	692	1 	27	0	50
23	0	692	2 	4	0	25
23	0	692	3 	62	0	14
23	0	692	4 	21	0	25
23	0	692	5 	55	0	25
23	0	692	6 	23	0	25
23	0	692	7 	41	0	15
23	0	693	1 	3	1	25
23	0	693	2 	48	1	14
23	0	693	3 	13	1	27
23	0	693	4 	18	1	30
23	0	693	5 	31	1	20
23	0	693	6 	33	1	20
23	0	693	7 	46	1	5
23	0	693	8 	37	1	25
23	0	693	9 	38	1	5
23	0	693	10 	45	1	5
23	0	694	1 	3	0	40
23	0	694	2 	3	1	32
23	0	694	3 	10	0	6
23	0	696	1 	12	1	35
23	0	696	2 	12	0	20
23	0	696	3 	20	1	25
23	0	696	4 	31	1	25
23	0	696	5 	46	1	30
23	0	696	6 	56	1	20
23	0	696	7 	61	1	7
23	0	697	1 	12	0	10
23	0	697	2 	45	0	22
23	0	697	3 	14	0	25
23	0	697	4 	55	0	5
23	0	697	5 	5	0	15
23	0	697	6 	27	0	20
23	0	697	7 	23	0	25
23	0	697	8 	33	0	20
23	0	697	9 	38	0	27
23	0	697	10 	46	0	20
23	0	698	1 	2	1	25
23	0	698	2 	5	1	10
23	0	698	3 	28	1	25
23	0	698	4 	68	1	10
23	0	698	5 	53	1	11
23	0	698	6 	18	1	25
23	0	698	7 	72	1	5
23	0	698	8 	31	1	25
23	0	698	9 	34	1	25
23	0	698	10 	48	1	5
23	0	700	1 	2	1	25
23	0	700	2 	5	1	20
23	0	700	3 	5	0	25
23	0	700	4 	26	0	25
23	0	700	5 	31	1	20
23	0	700	6 	32	1	25
23	0	700	7 	46	1	30
23	0	700	8 	48	0	4
23	0	700	9 	71	1	5
23	0	701	1 	2	1	25
23	0	701	2 	14	1	6
23	0	701	3 	18	1	30
23	0	701	4 	38	1	25
23	0	701	5 	35	1	25
23	0	701	6 	54	1	30
23	0	701	7 	68	1	18
23	0	701	8 	71	1	1
23	0	702	1 	9	0	20
23	0	702	2 	13	0	15
23	0	702	3 	18	0	15
23	0	702	4 	21	0	25
23	0	702	5 	29	0	25
23	0	702	6 	31	0	30
23	0	702	7 	45	0	20
23	0	702	8 	56	0	11
23	0	702	9 	63	0	16
23	0	702	10 	72	0	5
23	0	703	1 	1	1	30
23	0	703	3 	8	1	25
23	0	703	4 	37	1	5
23	0	703	5 	48	1	5
23	0	703	6 	5	1	15
23	0	703	7 	6	1	10
23	0	704	1 	7	1	30
23	0	704	2 	3	0	9
23	0	704	3 	17	1	16
23	0	704	4 	3	1	20
23	0	704	5 	33	1	19
23	0	704	6 	38	1	33
23	0	704	7 	53	1	29
23	0	704	8 	53	0	4
23	0	705	1 	11	1	43
23	0	705	2 	18	1	15
23	0	705	3 	61	1	5
23	0	705	4 	67	1	5
23	0	705	5 	53	1	12
23	0	705	6 	29	1	15
23	0	705	7 	36	1	25
23	0	705	8 	39	1	15
23	0	705	9 	62	1	5
23	0	705	10 	54	1	15
23	0	707	1 	2	1	25
23	0	707	2 	13	1	5
23	0	707	3 	7	1	25
23	0	707	4 	18	1	36
23	0	707	5 	17	1	5
23	0	707	6 	31	1	14
23	0	707	7 	33	1	25
23	0	707	8 	38	1	5
23	0	707	9 	32	1	5
23	0	707	10 	54	1	5
23	0	709	1 	1	1	25
23	0	709	2 	11	0	25
23	0	709	3 	9	0	25
23	0	709	4 	46	0	25
23	0	709	5 	42	1	25
23	0	709	6 	48	0	25
23	0	709	7 	58	0	6
23	0	710	1 	3	0	25
23	0	710	2 	6	0	10
23	0	710	3 	10	0	15
23	0	710	4 	17	0	10
23	0	710	5 	10	1	20
23	0	710	6 	56	0	18
23	0	710	7 	27	0	42
23	0	710	8 	35	0	25
23	0	710	9 	38	0	10
23	0	710	10 	67	0	5
23	0	711	1 	5	1	30
23	0	711	2 	35	1	10
23	0	711	3 	18	1	25
23	0	711	4 	11	1	25
23	0	711	5 	20	1	5
23	0	711	6 	55	1	5
23	0	711	7 	3	0	5
23	0	711	8 	41	1	20
23	0	711	9 	74	1	7
23	0	711	10 	46	1	25
23	0	712	1 	7	0	20
23	0	712	2 	11	0	43
23	0	712	3 	5	0	1
23	0	712	4 	51	0	28
23	0	713	1 	5	0	30
23	0	713	2 	46	1	42
23	0	713	3 	39	0	25
23	0	713	4 	45	0	24
23	0	713	5 	22	0	20
23	0	713	6 	27	1	10
23	0	713	7 	35	1	10
23	0	713	8 	72	0	1
23	0	713	10 	62	0	1
23	0	715	1 	3	0	37
23	0	715	2 	18	0	5
23	0	715	3 	5	0	15
23	0	715	4 	31	0	21
23	0	715	5 	38	0	25
23	0	715	6 	54	0	25
23	0	715	7 	47	0	5
23	0	715	8 	55	0	10
23	0	716	1 	2	1	25
23	0	716	2 	13	1	15
23	0	716	3 	23	1	30
23	0	716	4 	3	1	15
23	0	716	5 	37	1	5
23	0	716	6 	48	1	30
23	0	717	1 	2	1	28
23	0	717	2 	3	1	18
23	0	717	3 	10	1	20
23	0	717	4 	8	1	20
23	0	718	1 	7	1	35
23	0	718	2 	1	1	30
23	0	718	3 	18	1	15
23	0	718	4 	54	1	13
23	0	719	1 	9	0	30
23	0	719	2 	1	0	20
23	0	719	3 	17	1	11
23	0	719	4 	8	1	30
23	0	721	1 	9	1	25
23	0	721	2 	10	1	25
23	0	721	3 	7	1	25
23	0	721	4 	3	0	10
23	0	721	5 	55	1	36
23	0	721	6 	27	1	20
23	0	721	7 	72	1	6
23	0	721	8 	67	1	2
23	0	721	9 	38	1	20
23	0	721	10 	62	1	1
23	0	722	1 	7	1	25
23	0	722	2 	45	1	25
23	0	722	3 	18	1	30
23	0	722	5 	38	1	30
23	0	722	6 	32	1	15
23	0	722	7 	27	1	7
23	0	722	8 	39	1	26
23	0	722	9 	62	1	5
23	0	722	10 	72	1	1
23	0	723	1 	3	1	25
23	0	723	2 	9	1	25
23	0	723	3 	14	1	15
23	0	723	4 	53	1	19
23	0	723	5 	10	1	15
23	0	723	6 	18	1	15
23	0	723	7 	31	1	15
23	0	723	8 	29	1	15
23	0	723	9 	34	1	25
23	0	723	10 	39	1	10
23	0	724	1 	2	1	25
23	0	724	2 	35	1	9
23	0	724	3 	18	1	32
23	0	724	4 	46	1	5
23	0	724	5 	23	1	10
23	0	724	6 	28	1	25
23	0	724	7 	54	1	5
23	0	724	8 	68	1	10
23	0	724	9 	39	1	15
23	0	724	10 	38	1	20
23	0	726	1 	2	0	32
23	0	726	2 	11	0	15
23	0	726	3 	21	0	25
23	0	726	4 	33	0	25
23	0	726	5 	42	0	20
23	0	726	6 	39	0	15
23	0	726	7 	45	0	15
23	0	726	8 	41	0	8
23	0	726	9 	54	0	5
23	0	726	10 	60	0	10
23	0	727	1 	53	1	43
23	0	727	2 	5	1	25
23	0	727	3 	13	1	20
23	0	727	4 	38	1	25
23	0	727	5 	45	1	10
23	0	727	6 	64	1	13
23	0	727	7 	67	1	1
23	0	727	8 	17	1	5
23	0	727	9 	56	1	5
23	0	727	10 	35	0	5
23	0	728	1 	6	1	25
23	0	728	2 	41	1	5
23	0	728	3 	21	1	25
23	0	728	4 	33	1	35
23	0	728	5 	42	1	10
23	0	728	6 	39	1	25
23	0	728	7 	45	1	10
23	0	728	8 	54	1	10
23	0	728	9 	60	1	25
23	0	730	1 	1	0	38
23	0	730	2 	3	0	10
23	0	730	3 	21	0	10
23	0	730	4 	31	0	25
23	0	730	5 	42	0	10
23	0	730	6 	43	0	5
23	0	730	7 	53	0	15
23	0	730	8 	63	0	10
23	0	731	1 	8	1	48
23	0	732	1 	2	1	30
23	0	732	2 	6	1	15
23	0	732	3 	7	1	25
23	0	732	4 	38	1	30
23	0	732	5 	64	1	14
23	0	732	6 	55	1	25
23	0	732	7 	74	1	1
23	0	734	1 	38	0	45
23	0	734	2 	52	0	25
23	0	734	3 	18	0	25
23	0	734	4 	1	0	20
23	0	734	5 	7	0	25
23	0	734	6 	27	0	10
23	0	734	7 	21	0	10
23	0	734	8 	35	0	10
23	0	734	9 	70	0	4
23	0	734	10 	62	0	5
23	0	735	1 	5	0	25
23	0	735	2 	14	0	5
23	0	735	3 	17	0	25
23	0	735	4 	1	0	11
23	0	735	5 	38	0	39
23	0	735	6 	41	0	20
23	0	735	7 	68	0	25
23	0	735	8 	71	0	4
23	0	736	1 	10	1	32
23	0	736	2 	27	1	32
23	0	736	3 	42	1	5
23	0	736	4 	47	1	5
23	0	736	5 	53	1	25
23	0	736	6 	56	1	18
23	0	736	7 	1	1	5
23	0	736	8 	51	1	5
23	0	736	9 	68	1	1
23	0	738	1 	2	1	30
23	0	738	2 	6	1	10
23	0	738	3 	18	1	16
23	0	738	4 	55	0	10
23	0	738	5 	30	1	11
23	0	738	6 	46	1	25
23	0	738	7 	27	1	25
23	0	738	8 	62	1	5
23	0	738	9 	35	1	25
23	0	738	10 	45	0	15
23	0	739	1 	2	1	25
23	0	739	2 	13	1	25
23	0	739	3 	62	1	19
23	0	739	4 	17	1	30
23	0	739	5 	3	1	10
23	0	739	6 	28	1	30
23	0	739	7 	56	0	6
23	0	739	8 	33	1	5
23	0	739	9 	55	0	5
23	0	739	10 	47	1	5
23	0	741	1 	3	0	30
23	0	741	2 	9	0	28
23	0	741	3 	5	0	15
23	0	741	4 	7	0	15
23	0	741	5 	10	0	15
23	0	742	1 	10	1	30
23	0	742	2 	4	1	15
23	0	742	3 	8	1	5
23	0	742	4 	32	1	10
23	0	742	5 	31	1	15
23	0	742	6 	39	1	5
23	0	742	7 	38	1	10
23	0	742	8 	54	1	46
23	0	742	9 	53	1	1
23	0	743	1 	1	1	30
23	0	743	2 	5	1	25
23	0	743	3 	4	1	27
23	0	744	1 	2	1	25
23	0	744	2 	8	1	15
23	0	744	3 	21	1	20
23	0	744	4 	31	1	43
23	0	744	5 	38	1	10
23	0	744	6 	46	1	25
23	0	744	7 	62	1	5
23	0	744	8 	75	1	5
23	0	744	9 	63	0	5
23	0	744	10 	73	0	1
23	0	745	1 	11	1	30
23	0	745	2 	18	1	25
23	0	745	3 	33	1	25
23	0	745	4 	32	1	20
23	0	745	5 	8	1	20
23	0	745	6 	49	1	5
23	0	745	7 	39	1	5
23	0	745	8 	58	1	32
23	0	745	9 	72	1	6
23	0	745	10 	68	1	5
23	0	747	1 	7	1	25
23	0	747	2 	18	1	25
23	0	747	3 	10	1	15
23	0	747	4 	8	1	10
23	0	747	5 	33	1	10
23	0	747	6 	32	1	5
23	0	747	7 	38	1	28
23	0	747	8 	47	1	5
23	0	747	9 	50	1	25
23	0	747	10 	74	1	20
23	0	748	1 	2	1	20
23	0	748	2 	6	1	25
23	0	748	3 	10	1	25
23	0	748	4 	72	1	5
23	0	748	5 	28	1	20
23	0	748	6 	30	1	30
23	0	748	7 	11	1	20
23	0	748	8 	67	1	18
23	0	748	9 	1	1	25
23	0	748	10 	50	1	5
23	0	749	1 	8	1	25
23	0	749	2 	9	1	25
23	0	749	3 	18	1	25
23	0	749	4 	26	0	20
23	0	749	5 	27	0	20
23	0	749	6 	34	1	10
23	0	749	7 	53	1	16
23	0	749	8 	54	1	33
23	0	749	9 	47	1	5
23	0	749	10 	72	1	5
23	0	750	1 	8	1	30
23	0	750	2 	18	1	25
23	0	750	3 	33	1	5
23	0	750	4 	32	1	42
23	0	750	6 	67	1	4
23	0	750	7 	56	1	5
23	0	750	8 	35	0	10
23	0	750	9 	54	1	10
23	0	750	10 	62	1	15
23	0	751	1 	8	1	33
23	0	751	2 	62	1	5
23	0	751	3 	30	1	10
23	0	751	4 	47	1	5
23	0	751	5 	31	1	20
23	0	751	6 	68	1	5
23	0	751	7 	60	1	5
23	0	751	8 	45	0	10
23	0	751	9 	18	1	25
23	0	751	10 	51	1	35
23	0	752	1 	7	1	25
23	0	752	2 	21	1	25
23	0	752	3 	23	1	25
23	0	752	4 	63	1	10
23	0	758	1 	2	1	21
23	0	758	2 	67	1	8
23	0	758	3 	18	1	34
23	0	758	4 	21	1	6
23	0	758	5 	17	1	25
23	0	758	6 	55	1	1
23	0	758	7 	77	1	1
23	0	758	8 	38	1	25
23	0	758	9 	54	1	25
23	0	758	10 	47	1	25
23	0	759	1 	11	1	33
23	0	759	2 	7	1	10
23	0	759	3 	18	1	25
23	0	759	4 	23	1	20
23	0	759	5 	31	1	20
23	0	759	6 	36	1	15
23	0	759	7 	38	1	15
23	0	760	1 	11	0	30
23	0	760	2 	9	0	20
23	0	760	3 	20	0	20
23	0	760	4 	5	0	15
23	0	760	5 	34	0	20
23	0	760	6 	51	0	10
23	0	760	7 	38	0	11
23	0	760	8 	47	0	33
23	0	760	9 	58	0	5
23	0	760	10 	56	0	10
23	0	761	1 	2	1	31
23	0	761	2 	2	0	26
23	0	761	3 	33	0	29
23	0	761	4 	60	1	27
23	0	761	5 	68	0	10
23	0	763	1 	1	0	30
23	0	763	2 	13	0	5
23	0	763	3 	5	0	25
23	0	763	4 	22	0	25
23	0	763	5 	45	0	33
23	0	763	6 	55	0	5
23	0	763	7 	31	0	17
23	0	763	8 	33	0	10
23	0	763	9 	26	0	25
23	0	763	10 	67	0	5
23	0	764	1 	1	0	25
23	0	764	2 	5	0	15
23	0	764	3 	26	0	10
23	0	764	4 	56	0	25
23	0	764	5 	67	0	1
23	0	764	6 	38	0	42
23	0	764	7 	41	0	5
23	0	764	8 	45	0	15
23	0	764	9 	62	0	1
23	0	764	10 	61	0	25
23	0	768	1 	7	0	30
23	0	768	2 	1	0	20
23	0	768	3 	11	0	10
23	0	768	4 	21	0	28
23	0	768	5 	4	0	10
23	0	768	6 	8	0	10
23	0	768	7 	7	1	15
23	0	769	1 	7	1	10
23	0	769	2 	6	1	10
23	0	769	3 	17	1	20
23	0	769	4 	5	1	20
23	0	769	5 	2	1	15
23	0	769	6 	31	1	30
23	0	769	7 	42	1	30
23	0	769	8 	35	1	30
23	0	771	1 	11	1	30
23	0	771	2 	2	1	20
23	0	771	3 	22	1	10
23	0	771	4 	31	1	30
23	0	771	5 	39	1	20
23	0	771	6 	41	1	10
23	0	771	7 	46	1	30
23	0	771	8 	62	1	10
23	0	771	9 	67	1	8
23	0	772	1 	7	1	30
23	0	772	2 	13	1	20
23	0	772	3 	18	1	25
23	0	772	4 	38	1	25
23	0	772	5 	41	0	20
23	0	772	6 	64	1	6
23	0	772	7 	53	1	20
23	0	773	1 	1	1	25
23	0	773	2 	6	1	25
23	0	773	3 	18	1	25
23	0	773	4 	39	1	25
23	0	773	5 	60	1	25
23	0	773	6 	56	1	25
23	0	774	1 	4	1	30
23	0	774	2 	6	1	10
23	0	774	3 	13	1	10
23	0	774	4 	50	1	25
23	0	774	5 	18	1	25
23	0	774	6 	41	1	25
23	0	774	7 	10	1	25
23	0	774	8 	56	1	6
23	0	774	9 	67	1	5
23	0	774	10 	36	1	9
23	0	775	1 	5	1	38
23	0	775	2 	13	1	15
23	0	775	3 	23	1	10
23	0	775	4 	31	1	25
23	0	775	5 	4	1	15
23	0	775	6 	38	1	25
23	0	775	7 	56	0	15
23	0	775	8 	39	1	10
23	0	775	9 	43	1	5
23	0	775	10 	62	0	20
23	0	777	1 	5	0	27
23	0	777	2 	13	0	5
23	0	777	3 	56	0	15
23	0	777	4 	18	0	25
23	0	777	5 	76	0	1
23	0	777	6 	22	0	15
23	0	777	7 	29	0	38
23	0	777	8 	72	0	2
23	0	777	9 	52	0	13
23	0	777	10 	41	0	25
23	0	778	1 	2	1	20
23	0	778	2 	62	1	5
23	0	778	3 	11	1	20
23	0	778	4 	18	1	15
23	0	778	5 	64	1	5
23	0	778	6 	26	1	15
23	0	778	7 	33	1	36
23	0	778	8 	58	1	15
23	0	778	9 	8	1	25
23	0	778	10 	61	1	10
23	0	779	1 	5	0	35
23	0	779	2 	18	0	5
23	0	779	3 	21	0	5
23	0	779	4 	73	0	10
23	0	779	5 	42	0	25
23	0	779	6 	46	0	10
23	0	779	7 	38	0	5
23	0	779	8 	53	0	10
23	0	779	9 	58	0	25
23	0	779	10 	67	0	13
23	0	780	1 	7	1	25
23	0	780	2 	18	1	25
23	0	780	3 	23	1	20
23	0	780	4 	27	1	10
23	0	780	6 	38	1	10
23	0	780	7 	39	1	29
23	0	780	8 	48	1	5
23	0	780	9 	53	1	10
23	0	780	10 	51	1	10
23	0	781	1 	1	0	15
23	0	781	2 	56	0	5
23	0	781	3 	20	0	30
23	0	781	4 	23	0	15
23	0	781	5 	27	0	10
23	0	781	6 	26	0	5
23	0	781	7 	42	0	15
23	0	781	8 	62	0	5
23	0	781	9 	47	0	30
23	0	781	10 	35	0	10
23	0	782	1 	10	1	26
23	0	782	2 	45	1	20
23	0	782	3 	8	1	20
23	0	782	4 	73	1	5
23	0	782	5 	48	1	10
23	0	782	6 	38	1	15
23	0	782	7 	68	1	8
23	0	782	8 	53	1	31
23	0	782	9 	58	1	5
23	0	782	10 	67	1	5
23	0	783	1 	9	1	30
23	0	783	2 	7	1	20
23	0	783	3 	8	1	25
23	0	783	4 	12	1	10
23	0	783	5 	2	1	15
23	0	783	6 	4	1	10
23	0	783	7 	27	0	15
23	0	783	8 	46	1	35
23	0	783	9 	62	1	10
23	0	783	10 	46	0	5
23	0	784	1 	9	0	25
23	0	784	2 	35	1	20
23	0	784	3 	74	0	5
23	0	784	4 	5	0	20
23	0	784	5 	45	0	43
23	0	784	6 	22	0	20
23	0	784	7 	26	0	10
23	0	784	8 	5	1	15
23	0	784	9 	36	0	2
23	0	784	10 	34	0	20
23	0	785	1 	46	0	25
23	0	785	2 	9	0	25
23	0	785	3 	20	0	25
23	0	785	4 	48	0	25
23	0	785	5 	29	0	10
23	0	785	6 	32	0	25
23	0	785	7 	63	0	10
23	0	785	8 	33	0	5
23	0	785	9 	55	0	5
23	0	785	10 	62	0	5
23	0	787	1 	7	0	25
23	0	787	2 	1	0	25
23	0	787	3 	18	0	15
23	0	787	4 	53	0	20
23	0	787	5 	62	0	5
23	0	787	6 	61	0	5
23	0	787	7 	36	0	20
23	0	787	8 	5	0	15
23	0	787	9 	45	0	14
23	0	787	10 	54	0	10
23	0	788	1 	3	0	25
23	0	788	2 	5	0	25
23	0	788	3 	21	0	25
23	0	788	4 	62	0	12
23	0	788	5 	29	0	39
23	0	788	6 	60	0	5
23	0	788	7 	61	0	5
23	0	788	8 	45	0	5
23	0	788	9 	53	0	10
23	0	788	10 	54	0	5
23	0	789	1 	10	0	38
23	0	789	2 	3	0	25
23	0	789	3 	32	0	25
23	0	789	4 	56	0	5
23	0	789	5 	10	1	25
23	0	789	6 	62	0	10
23	0	791	1 	11	0	25
23	0	791	2 	35	0	16
23	0	791	3 	20	1	27
23	0	791	4 	36	1	15
23	0	791	5 	31	1	15
23	0	791	6 	23	1	25
23	0	791	7 	47	1	10
23	0	791	8 	12	1	25
23	0	791	9 	67	1	10
23	0	791	10 	52	1	1
23	0	792	1 	6	0	37
23	0	792	2 	10	0	15
23	0	792	3 	6	1	15
23	0	792	4 	5	1	15
23	0	792	5 	5	0	15
23	0	792	6 	43	0	22
23	0	792	7 	43	1	26
23	0	793	1 	11	0	30
23	0	793	2 	5	0	25
23	0	793	3 	23	0	15
23	0	793	4 	31	0	22
23	0	793	5 	48	0	15
23	0	793	6 	55	0	15
23	0	793	7 	58	0	5
23	0	793	8 	53	0	24
23	0	793	9 	61	0	5
23	0	793	10 	63	0	1
23	0	794	1 	6	1	25
23	0	794	2 	13	1	25
23	0	794	3 	18	1	15
23	0	794	4 	54	1	10
23	0	794	5 	53	1	15
23	0	794	6 	26	1	5
23	0	794	7 	33	1	36
23	0	794	8 	61	1	10
23	0	794	9 	67	1	2
23	0	794	10 	42	1	10
23	0	795	1 	2	1	30
23	0	795	2 	6	1	15
23	0	795	3 	12	1	10
23	0	795	4 	46	1	5
23	0	795	5 	43	1	42
23	0	795	6 	58	1	20
23	0	795	7 	69	1	5
23	0	795	8 	60	1	10
23	0	797	1 	6	1	31
23	0	797	2 	13	1	25
23	0	797	3 	20	1	10
23	0	797	4 	5	1	25
23	0	797	5 	74	1	19
23	0	797	6 	31	1	15
23	0	797	7 	29	1	5
23	0	797	8 	56	1	10
23	0	797	9 	35	0	15
23	0	797	10 	39	1	18
23	0	799	1 	4	1	15
23	0	799	2 	10	1	30
23	0	799	3 	62	1	11
23	0	799	4 	17	1	15
23	0	799	5 	3	1	15
23	0	799	6 	27	0	26
23	0	799	7 	55	1	44
23	0	799	8 	36	1	25
23	0	799	9 	64	1	5
23	0	800	1 	5	0	25
23	0	800	2 	5	1	10
23	0	800	3 	7	1	15
23	0	800	4 	17	0	25
23	0	800	5 	26	0	5
23	0	800	6 	62	0	25
23	0	800	7 	38	0	15
23	0	800	8 	35	1	48
23	0	800	9 	71	1	12
23	0	800	10 	78	0	5
23	0	804	1 	6	0	30
23	0	804	2 	3	0	5
23	0	804	3 	45	0	20
23	0	804	4 	55	0	15
23	0	804	5 	71	0	1
23	0	804	6 	5	0	15
23	0	804	7 	62	0	11
23	0	804	8 	29	0	25
23	0	804	9 	21	0	25
23	0	804	10 	26	0	25
23	0	805	1 	7	1	38
23	0	805	2 	20	1	25
23	0	805	3 	21	1	15
23	0	805	4 	29	1	20
23	0	805	5 	36	1	15
23	0	805	6 	47	1	25
23	0	805	7 	48	1	5
23	0	805	8 	46	1	25
23	0	805	9 	62	1	5
23	0	805	10 	71	1	1
23	0	806	1 	10	1	35
23	0	806	2 	10	0	17
23	0	806	3 	23	0	15
23	0	807	1 	8	1	30
23	0	807	2 	4	1	25
23	0	807	3 	10	1	25
23	0	807	4 	18	1	25
23	0	807	5 	1	1	22
23	0	808	1 	1	0	36
23	0	808	2 	21	0	15
23	0	808	3 	24	0	25
23	0	808	4 	67	0	5
23	0	808	5 	26	0	15
23	0	808	6 	29	0	20
23	0	808	7 	62	0	20
23	0	808	8 	38	0	15
23	0	808	9 	46	0	17
23	0	808	10 	47	0	10
23	0	809	1 	5	1	33
23	0	809	2 	6	1	10
23	0	809	3 	20	0	15
23	0	809	4 	2	1	25
23	0	809	5 	3	0	20
23	0	809	6 	26	0	28
23	0	809	7 	35	0	1
23	0	809	8 	28	1	10
23	0	809	9 	42	1	10
23	0	809	10 	46	1	11
23	0	810	1 	11	0	20
23	0	810	2 	52	0	1
23	0	810	3 	13	0	25
23	0	810	4 	21	0	30
23	0	810	5 	29	0	25
23	0	810	6 	55	0	10
23	0	810	7 	5	0	15
23	0	810	8 	46	0	1
23	0	810	9 	38	0	20
23	0	810	10 	54	0	17
23	0	811	1 	12	0	30
23	0	811	2 	3	0	15
23	0	811	3 	10	0	13
23	0	811	4 	23	0	15
23	0	811	5 	33	0	5
23	0	811	6 	5	0	25
23	0	811	7 	48	0	30
23	0	812	1 	3	0	25
23	0	812	2 	5	1	5
23	0	812	3 	6	0	5
23	0	812	4 	22	0	25
23	0	812	5 	35	0	5
23	0	812	6 	56	0	5
23	0	812	7 	32	0	18
23	0	812	8 	38	0	25
23	0	812	9 	62	0	15
23	0	812	10 	53	0	15
23	0	815	1 	10	1	30
23	0	815	2 	4	1	15
23	0	815	3 	21	1	10
23	0	815	4 	29	1	33
23	0	815	5 	55	1	10
23	0	815	6 	6	1	15
23	0	815	7 	69	0	5
23	0	815	8 	54	1	25
23	0	815	9 	58	1	5
23	0	815	10 	52	1	10
23	0	817	1 	11	0	34
23	0	817	2 	32	0	32
23	0	817	3 	5	0	15
23	0	817	4 	58	0	23
23	0	818	1 	1	1	40
23	0	818	2 	27	1	15
23	0	818	3 	34	0	15
23	0	818	4 	47	0	31
23	0	818	5 	50	1	17
23	0	818	6 	55	0	15
23	0	819	1 	11	1	30
23	0	819	2 	5	1	25
23	0	819	3 	1	1	28
23	0	819	4 	2	1	17
23	0	822	1 	12	0	30
23	0	822	2 	3	0	30
23	0	822	3 	31	0	30
23	0	822	4 	43	0	12
23	0	823	1 	4	1	25
23	0	823	2 	64	1	25
23	0	823	3 	23	1	25
23	0	823	4 	10	1	25
23	0	823	5 	71	1	5
23	0	823	6 	39	1	38
23	0	823	7 	67	1	1
23	0	823	8 	38	1	5
23	0	823	9 	56	1	11
23	0	823	10 	55	1	7
23	0	824	1 	6	0	20
23	0	824	2 	6	1	31
23	0	824	3 	27	1	40
23	0	824	4 	53	1	29
23	0	826	1 	4	1	22
23	0	826	2 	7	1	25
23	0	826	3 	1	1	23
23	0	826	4 	2	1	10
23	0	826	5 	39	1	5
23	0	826	6 	54	1	44
23	0	826	7 	47	1	5
23	0	826	8 	35	0	5
23	0	826	9 	70	1	5
23	0	826	10 	53	1	5
23	0	827	1 	1	1	30
23	0	827	2 	2	1	20
23	0	827	3 	12	1	10
23	0	827	4 	18	1	15
23	0	827	5 	33	1	20
23	0	827	6 	31	1	15
23	0	827	7 	38	1	33
23	0	827	8 	55	1	25
23	0	828	1 	10	1	25
23	0	828	2 	10	0	25
23	0	828	3 	3	1	11
23	0	828	4 	12	1	25
23	0	828	5 	23	0	11
23	0	828	6 	35	0	1
23	0	828	7 	32	0	11
23	0	828	8 	39	1	25
23	0	828	9 	56	0	29
23	0	828	10 	62	0	1
23	0	830	1 	2	1	33
23	0	830	2 	31	1	48
23	0	830	3 	2	0	5
23	0	830	4 	58	1	10
23	0	830	5 	56	1	5
23	0	830	6 	73	1	1
23	0	831	1 	4	1	38
23	0	831	2 	10	1	25
23	0	831	3 	23	1	25
23	0	831	4 	36	1	20
23	0	831	5 	32	1	15
23	0	831	6 	51	1	6
23	0	831	7 	12	1	20
23	0	831	8 	61	1	11
23	0	832	1 	12	1	25
23	0	832	2 	13	1	30
23	0	832	3 	7	1	18
23	0	832	4 	46	1	10
23	0	832	5 	31	1	5
23	0	832	6 	6	1	20
23	0	832	7 	33	1	25
23	0	832	8 	38	1	5
23	0	832	9 	54	1	15
23	0	832	10 	62	0	10
23	0	836	1 	7	1	36
23	0	836	2 	14	1	5
23	0	836	3 	20	1	25
23	0	836	4 	32	1	25
23	0	836	5 	51	1	30
23	0	836	6 	60	1	10
23	0	836	7 	61	1	5
23	0	836	8 	63	1	5
23	0	837	1 	7	1	25
23	0	837	2 	53	1	5
23	0	837	3 	8	1	25
23	0	837	4 	38	1	42
23	0	837	5 	72	1	16
23	0	837	6 	29	1	25
23	0	837	7 	58	1	4
23	0	837	8 	47	1	5
23	0	837	9 	13	1	20
23	0	837	10 	55	0	5
23	0	838	1 	7	1	34
23	0	838	2 	18	1	25
23	0	838	3 	33	1	25
23	0	838	4 	46	1	25
23	0	838	5 	38	1	25
23	0	838	6 	54	1	3
23	0	838	7 	58	1	5
23	0	838	8 	52	1	5
23	0	838	9 	55	1	5
23	0	838	10 	69	1	1
23	0	839	1 	9	1	15
23	0	839	2 	7	1	25
23	0	839	3 	63	1	10
23	0	839	4 	39	1	25
23	0	839	5 	18	1	20
23	0	839	6 	20	1	10
23	0	839	7 	56	1	10
23	0	839	8 	28	1	30
23	0	839	9 	37	1	20
23	0	839	10 	45	0	15
23	0	840	1 	4	1	30
23	0	840	2 	4	0	30
23	0	840	3 	10	1	28
23	0	841	1 	4	0	30
23	0	841	2 	3	0	30
23	0	841	3 	23	0	24
23	0	842	1 	1	1	25
23	0	842	2 	68	1	6
23	0	842	3 	7	1	25
23	0	842	4 	60	1	33
23	0	842	5 	74	1	1
23	0	842	6 	29	1	10
23	0	842	7 	32	1	20
23	0	842	8 	38	1	15
23	0	842	9 	67	1	8
23	0	842	10 	53	1	10
23	0	845	1 	7	0	25
23	0	845	2 	6	0	20
23	0	845	3 	11	0	30
23	0	845	4 	29	0	5
23	0	845	5 	74	0	5
23	0	845	6 	51	0	22
23	0	845	7 	35	0	5
23	0	845	8 	41	0	20
23	0	845	9 	47	0	5
23	0	845	10 	38	0	15
23	0	846	1 	5	1	35
23	0	846	2 	3	1	20
23	0	846	3 	18	1	26
23	0	846	4 	33	1	25
23	0	846	5 	46	1	20
23	0	846	6 	43	1	23
23	0	846	7 	61	1	4
23	0	847	1 	11	0	30
23	0	847	2 	3	1	35
23	0	848	1 	56	0	12
23	0	848	2 	71	1	5
23	0	848	3 	13	1	43
23	0	848	4 	8	1	20
23	0	848	5 	50	1	5
23	0	848	6 	47	1	5
23	0	848	7 	26	0	25
23	0	848	8 	32	1	25
23	0	848	9 	28	0	13
23	0	848	10 	35	0	10
23	0	849	1 	2	1	20
23	0	849	2 	10	1	30
23	0	849	3 	18	1	21
23	0	849	4 	11	1	20
23	0	849	5 	22	1	12
23	0	849	6 	29	1	10
23	0	849	7 	55	1	1
23	0	849	8 	53	1	25
23	0	849	9 	52	1	10
23	0	849	10 	54	1	25
23	0	850	1 	27	0	45
23	0	850	2 	12	1	10
23	0	850	3 	29	0	25
23	0	850	4 	3	0	27
23	0	850	5 	42	0	1
23	0	850	6 	56	0	8
23	0	850	7 	10	1	25
23	0	850	8 	62	0	15
23	0	850	9 	35	0	1
23	0	850	10 	62	1	1
23	0	851	1 	3	0	30
23	0	851	2 	2	0	15
23	0	851	3 	13	0	20
23	0	851	4 	22	0	10
23	0	851	5 	29	0	30
23	0	851	6 	53	0	14
23	0	851	7 	41	0	25
23	0	851	8 	52	0	15
23	0	851	9 	54	0	5
23	0	851	10 	56	0	10
23	0	852	1 	12	0	40
23	0	852	2 	2	0	29
23	0	854	1 	1	0	37
23	0	854	2 	10	0	25
23	0	854	3 	7	1	25
23	0	854	4 	18	0	20
23	0	854	5 	23	0	15
23	0	854	6 	38	0	15
23	0	854	7 	46	0	5
23	0	854	8 	62	0	5
23	0	854	9 	55	0	5
23	0	856	1 	6	1	15
23	0	856	2 	4	1	25
23	0	856	3 	32	1	39
23	0	856	4 	41	1	25
23	0	856	5 	10	1	16
23	0	856	6 	17	1	15
23	0	856	7 	54	1	25
23	0	856	8 	50	1	5
23	0	856	9 	74	1	1
23	0	856	10 	55	0	5
23	0	858	1 	68	0	1
23	0	858	2 	13	0	25
23	0	858	3 	64	0	10
23	0	858	4 	46	0	10
23	0	858	5 	26	0	25
23	0	858	6 	63	0	8
23	0	858	7 	39	0	10
23	0	858	8 	27	0	15
23	0	858	9 	36	0	15
23	0	858	10 	35	0	20
23	0	859	1 	4	1	20
23	0	859	2 	1	1	5
23	0	859	3 	6	1	22
23	0	859	4 	18	1	42
23	0	859	5 	31	1	11
23	0	859	6 	32	1	1
23	0	859	7 	51	1	25
23	0	859	8 	53	1	11
23	0	859	9 	55	1	25
23	0	860	1 	5	0	25
23	0	860	2 	3	0	20
23	0	860	3 	29	0	48
23	0	860	4 	50	1	5
23	0	860	5 	39	0	15
23	0	860	6 	45	0	10
23	0	860	7 	56	0	5
23	0	860	8 	47	0	15
23	0	860	9 	62	0	6
23	0	861	1 	8	1	35
23	0	861	2 	14	1	20
23	0	861	3 	45	1	20
23	0	861	4 	10	1	20
23	0	861	5 	61	1	10
23	0	861	6 	39	1	25
23	0	861	7 	50	1	17
23	0	861	8 	56	1	5
23	0	861	9 	73	1	5
23	0	861	10 	62	1	1
23	0	862	1 	4	1	26
23	0	862	2 	1	1	15
23	0	862	3 	10	1	25
23	0	862	4 	24	1	17
23	0	862	5 	32	1	22
23	0	862	6 	38	1	15
23	0	862	7 	46	1	10
23	0	862	8 	53	1	20
23	0	863	1 	6	0	27
23	0	863	2 	62	0	10
23	0	863	3 	1	0	10
23	0	863	4 	13	0	15
23	0	863	5 	53	0	5
23	0	863	6 	21	0	15
23	0	863	7 	5	0	15
23	0	863	8 	46	0	7
23	0	863	9 	56	0	20
23	0	863	10 	38	0	30
23	0	864	1 	9	1	25
23	0	864	2 	13	1	39
23	0	864	3 	10	1	11
23	0	864	4 	53	1	5
23	0	864	5 	29	1	10
23	0	864	6 	31	1	10
23	0	864	8 	37	1	25
23	0	864	9 	48	1	15
23	0	864	10 	56	1	5
23	0	865	1 	9	0	30
23	0	865	2 	5	0	15
23	0	865	3 	23	0	10
23	0	865	4 	55	0	5
23	0	865	5 	71	0	12
23	0	865	6 	62	0	10
23	0	865	7 	53	0	15
23	0	865	8 	34	0	25
23	0	865	9 	48	0	25
23	0	865	10 	45	0	15
23	0	866	1 	7	1	25
23	0	866	2 	2	1	25
23	0	866	3 	23	1	25
23	0	866	4 	36	1	25
23	0	866	5 	32	1	20
23	0	866	6 	38	1	15
23	0	866	7 	28	1	15
23	0	866	8 	72	1	4
23	0	866	9 	5	0	15
23	0	866	10 	35	0	5
23	0	867	1 	11	0	20
23	0	867	2 	5	0	21
23	0	867	3 	4	1	20
23	0	867	4 	7	0	20
23	0	867	5 	9	0	15
23	0	867	6 	10	1	11
23	0	867	7 	12	1	11
23	0	867	8 	31	0	20
23	0	868	1 	7	1	30
23	0	868	2 	1	1	20
23	0	868	3 	21	1	32
23	0	868	4 	38	1	40
23	0	868	5 	60	1	9
23	0	870	1 	6	1	28
23	0	870	2 	14	1	15
23	0	870	3 	12	1	5
23	0	870	4 	22	1	20
23	0	870	5 	18	1	25
23	0	870	6 	56	1	5
23	0	870	7 	38	1	39
23	0	870	8 	47	1	8
23	0	870	9 	63	1	10
23	0	872	1 	8	1	25
23	0	872	2 	22	1	20
23	0	872	3 	29	1	20
23	0	872	4 	26	1	20
23	0	872	5 	38	1	20
23	0	872	6 	47	1	1
23	0	872	7 	35	1	25
23	0	872	8 	58	1	20
23	0	872	9 	60	1	12
23	0	873	1 	12	1	15
23	0	873	2 	13	1	10
23	0	873	3 	18	1	42
23	0	873	4 	62	0	1
23	0	873	5 	21	1	5
23	0	873	6 	53	1	25
23	0	873	7 	33	1	25
23	0	873	8 	36	1	5
23	0	873	9 	61	1	1
23	0	873	10 	45	1	22
23	0	874	1 	1	1	25
23	0	874	2 	8	1	25
23	0	874	3 	13	1	5
23	0	874	4 	18	1	36
23	0	874	5 	45	1	25
23	0	874	6 	62	0	4
23	0	874	7 	54	1	10
23	0	874	8 	53	1	20
23	0	874	9 	55	1	1
23	0	874	10 	35	1	1
23	0	876	1 	3	0	20
23	0	876	2 	56	0	34
23	0	876	3 	26	0	29
23	0	876	4 	5	0	15
23	0	876	5 	22	0	21
23	0	876	6 	67	0	1
23	0	876	7 	23	0	10
23	0	876	8 	45	0	10
23	0	876	9 	62	0	10
23	0	876	10 	41	0	25
23	0	878	1 	10	1	25
23	0	878	2 	4	1	30
23	0	878	3 	62	1	1
23	0	878	4 	53	1	33
23	0	878	5 	20	1	10
23	0	878	6 	18	1	25
23	0	878	7 	38	1	25
23	0	878	8 	12	1	10
23	0	878	9 	70	1	4
23	0	878	10 	35	0	12
23	0	879	1 	8	1	25
23	0	879	2 	24	1	25
23	0	879	3 	3	1	16
23	0	879	4 	21	1	5
23	0	879	5 	26	1	5
23	0	879	6 	10	1	25
23	0	879	7 	39	1	36
23	0	879	8 	69	1	3
23	0	879	9 	53	1	20
23	0	879	10 	62	1	1
23	0	880	1 	52	0	1
23	0	880	2 	56	0	5
23	0	880	3 	21	0	25
23	0	880	4 	23	0	16
23	0	880	5 	29	0	30
23	0	880	6 	55	0	5
23	0	880	7 	62	0	19
23	0	880	8 	9	0	20
23	0	880	9 	50	0	10
23	0	880	10 	45	0	16
23	0	881	1 	1	1	25
23	0	881	2 	18	1	5
23	0	881	3 	6	1	12
23	0	881	4 	31	1	25
23	0	881	5 	38	1	25
23	0	881	6 	7	1	25
23	0	881	7 	46	1	36
23	0	881	8 	51	1	1
23	0	881	9 	58	1	5
23	0	881	10 	52	1	1
23	0	882	1 	5	1	30
23	0	882	2 	2	1	5
23	0	882	3 	56	1	5
23	0	882	4 	68	1	10
23	0	882	5 	31	1	25
23	0	882	6 	29	1	25
23	0	882	7 	55	1	12
23	0	882	8 	38	1	25
23	0	882	9 	46	1	25
23	0	882	10 	43	1	5
23	0	883	1 	2	1	20
23	0	883	2 	55	1	1
23	0	883	3 	18	1	25
23	0	883	4 	54	1	29
23	0	883	5 	61	1	1
23	0	883	6 	31	1	15
23	0	883	7 	29	1	15
23	0	883	8 	10	1	25
23	0	883	9 	38	1	14
23	0	883	10 	7	1	25
23	0	885	1 	9	1	21
23	0	885	2 	5	1	10
23	0	885	3 	63	1	2
23	0	885	4 	54	1	15
23	0	885	5 	22	1	27
23	0	885	6 	62	1	1
23	0	885	7 	63	0	15
23	0	885	8 	39	1	30
23	0	885	9 	48	1	18
23	0	885	10 	53	1	6
23	0	888	1 	6	1	25
23	0	888	2 	18	1	30
23	0	888	3 	22	1	30
23	0	888	4 	27	1	10
23	0	888	5 	28	1	5
23	0	888	6 	38	1	25
23	0	888	7 	45	1	5
23	0	888	8 	48	1	20
23	0	888	9 	61	1	5
23	0	888	10 	62	1	9
23	0	889	1 	10	1	25
23	0	889	2 	42	1	9
23	0	889	3 	53	1	43
23	0	889	4 	17	1	10
23	0	889	5 	27	1	15
23	0	889	6 	32	1	25
23	0	889	7 	33	1	21
23	0	889	8 	58	1	11
23	0	889	9 	48	1	5
23	0	889	10 	38	1	10
23	0	890	1 	11	1	25
23	0	890	2 	31	1	20
23	0	890	3 	54	1	10
23	0	890	4 	55	0	5
23	0	890	5 	18	1	25
23	0	890	6 	23	1	5
23	0	890	7 	62	0	5
23	0	890	8 	61	1	5
23	0	890	9 	50	1	41
23	0	890	10 	38	1	15
23	0	891	1 	2	1	20
23	0	891	2 	1	1	30
23	0	891	3 	55	0	5
23	0	891	4 	26	1	10
23	0	891	5 	21	1	15
23	0	891	6 	29	1	25
23	0	891	7 	33	1	10
23	0	891	8 	46	1	30
23	0	891	9 	56	1	15
23	0	891	10 	35	0	10
23	0	893	1 	7	1	27
23	0	893	2 	18	1	25
23	0	893	3 	47	1	20
23	0	893	4 	10	1	15
23	0	893	5 	27	1	10
23	0	893	6 	31	1	25
23	0	893	7 	70	1	23
23	0	893	8 	67	1	1
23	0	893	9 	38	1	30
23	0	893	10 	56	1	10
23	0	894	1 	12	1	15
23	0	894	2 	3	0	25
23	0	894	3 	54	0	5
23	0	894	4 	67	0	5
23	0	894	5 	21	0	25
23	0	894	6 	62	0	7
23	0	894	7 	29	0	36
23	0	894	8 	61	0	5
23	0	894	9 	7	0	25
23	0	894	10 	53	0	10
23	0	895	1 	1	0	30
23	0	895	2 	62	0	10
23	0	895	3 	35	0	5
23	0	895	4 	72	0	5
23	0	895	5 	60	0	5
23	0	895	6 	27	0	25
23	0	895	7 	28	0	25
23	0	895	8 	45	0	20
23	0	895	9 	56	0	15
23	0	895	10 	63	0	5
23	0	896	1 	8	0	35
23	0	896	2 	10	0	20
23	0	896	3 	21	0	15
23	0	896	4 	5	0	20
23	0	896	5 	9	0	15
23	0	897	1 	3	0	37
23	0	897	2 	56	0	7
23	0	897	3 	60	0	9
23	0	897	4 	62	0	1
23	0	897	5 	22	0	10
23	0	897	6 	23	0	20
23	0	897	7 	29	0	26
23	0	897	8 	38	0	6
23	0	897	9 	47	0	8
23	0	897	10 	35	0	25
23	0	898	1 	3	0	25
23	0	898	2 	13	0	15
23	0	898	3 	26	0	41
23	0	898	4 	47	0	25
23	0	898	5 	71	0	6
23	0	898	6 	46	0	25
23	0	898	7 	30	0	5
23	0	898	8 	35	0	10
23	0	898	9 	62	0	10
23	0	898	10 	60	0	1
23	0	899	1 	9	0	43
23	0	899	2 	53	0	10
23	0	899	3 	1	0	10
23	0	899	4 	22	0	25
23	0	899	5 	21	0	25
23	0	899	6 	5	0	15
23	0	899	7 	56	0	18
23	0	899	8 	45	0	10
23	0	899	9 	34	0	10
23	0	899	10 	73	0	1
23	0	900	1 	3	0	20
23	0	900	2 	1	0	10
23	0	900	3 	14	0	25
23	0	900	4 	22	0	20
23	0	900	5 	27	0	30
23	0	900	6 	62	0	10
23	0	900	7 	38	0	20
23	0	900	8 	45	0	10
23	0	900	9 	48	0	10
23	0	900	10 	56	0	21
23	0	901	1 	6	0	25
23	0	901	2 	10	0	5
23	0	901	3 	14	0	10
23	0	901	4 	21	0	25
23	0	901	5 	28	0	46
23	0	901	6 	67	0	15
23	0	901	7 	68	0	1
23	0	903	1 	7	1	35
23	0	903	2 	9	1	34
23	0	904	1 	11	0	33
23	0	904	2 	20	0	25
23	0	904	3 	28	0	25
23	0	904	4 	34	0	20
23	0	904	5 	38	0	25
23	0	904	6 	55	0	10
23	0	904	7 	62	0	1
23	0	906	1 	5	1	30
23	0	906	2 	28	1	25
23	0	906	3 	12	1	25
23	0	906	4 	50	1	43
23	0	906	5 	41	1	17
23	0	906	6 	3	0	10
23	0	906	7 	67	1	5
23	0	906	8 	33	1	5
23	0	906	9 	33	0	5
23	0	906	10 	62	0	10
23	0	907	1 	2	1	25
23	0	907	2 	67	1	5
23	0	907	3 	47	1	5
23	0	907	4 	17	1	33
23	0	907	5 	3	1	15
23	0	907	6 	28	1	39
23	0	907	7 	56	0	6
23	0	907	8 	1	1	5
23	0	907	9 	55	0	10
23	0	907	10 	39	1	5
23	0	908	1 	62	0	1
23	0	908	2 	27	0	45
23	0	908	3 	37	0	17
23	0	908	4 	26	0	30
23	0	908	5 	29	0	10
23	0	908	6 	55	0	5
23	0	908	7 	17	0	11
23	0	908	8 	45	0	15
23	0	908	9 	19	0	10
23	0	908	10 	72	0	1
23	0	910	1 	10	1	25
23	0	910	2 	18	1	25
23	0	910	3 	20	1	10
23	0	910	4 	61	1	5
23	0	910	5 	53	1	19
23	0	910	6 	29	1	15
23	0	910	7 	36	1	36
23	0	910	8 	67	1	5
23	0	910	9 	54	1	15
23	0	910	10 	62	1	5
23	0	911	1 	4	0	35
23	0	911	2 	14	0	25
23	0	911	3 	19	0	20
23	0	911	4 	5	0	25
23	0	911	5 	41	0	25
23	0	911	6 	63	0	7
23	0	911	7 	62	0	10
23	0	911	8 	58	0	10
23	0	911	9 	67	0	5
23	0	912	1 	7	1	30
23	0	912	2 	11	1	25
23	0	912	3 	5	1	25
23	0	912	4 	27	1	15
23	0	912	5 	36	1	17
23	0	912	6 	38	1	15
23	0	912	7 	55	1	15
23	0	914	1 	8	1	38
23	0	914	2 	67	1	25
23	0	914	3 	53	1	5
23	0	914	4 	18	1	25
23	0	914	5 	21	1	5
23	0	914	6 	17	1	25
23	0	914	7 	47	1	25
23	0	914	8 	54	1	15
23	0	914	9 	55	1	5
23	0	914	10 	61	1	1
23	0	915	1 	11	1	25
23	0	915	2 	60	1	10
23	0	915	3 	47	1	5
23	0	915	4 	21	1	30
23	0	915	5 	17	1	10
23	0	915	6 	35	1	30
23	0	915	7 	33	1	30
23	0	915	8 	38	1	15
23	0	916	1 	5	0	30
23	0	916	2 	9	0	25
23	0	916	3 	38	0	25
23	0	916	4 	46	0	25
23	0	916	5 	64	0	18
23	0	918	1 	8	1	36
23	0	918	2 	14	1	11
23	0	918	3 	4	1	10
23	0	918	4 	17	1	18
23	0	918	5 	21	1	10
23	0	918	6 	38	1	25
23	0	918	7 	42	0	10
23	0	918	8 	39	1	25
23	0	918	9 	50	1	15
23	0	918	10 	68	1	10
23	0	919	1 	6	1	35
23	0	919	2 	14	1	20
23	0	919	3 	18	1	25
23	0	919	4 	19	1	8
23	0	919	5 	28	1	25
23	0	919	6 	30	1	5
23	0	919	7 	41	1	5
23	0	919	8 	63	1	25
23	0	919	9 	62	1	5
23	0	919	10 	58	1	5
23	0	921	1 	2	1	30
23	0	921	2 	5	0	15
23	0	921	3 	32	1	15
23	0	921	4 	38	1	30
23	0	921	5 	37	1	25
23	0	921	6 	46	1	15
23	0	921	7 	46	0	1
23	0	921	8 	47	1	15
23	0	921	9 	53	1	1
23	0	921	10 	55	1	5
23	0	922	1 	11	1	25
23	0	922	2 	51	1	5
23	0	922	3 	20	1	20
23	0	922	4 	6	1	5
23	0	922	5 	27	1	25
23	0	922	6 	23	1	25
23	0	922	7 	27	0	5
23	0	922	8 	37	1	5
23	0	922	9 	28	1	31
23	0	922	10 	43	1	13
23	0	923	1 	2	1	32
23	0	923	2 	5	1	15
23	0	923	3 	18	1	25
23	0	923	4 	12	1	5
23	0	923	5 	31	1	20
23	0	923	6 	41	1	15
23	0	923	7 	56	1	10
23	0	923	8 	9	1	15
23	0	923	9 	67	1	6
23	0	923	10 	62	1	9
23	0	926	1 	2	1	25
23	0	926	2 	5	1	15
23	0	926	3 	14	1	20
23	0	926	4 	6	1	10
23	0	926	5 	18	1	15
23	0	926	6 	28	1	25
23	0	926	7 	43	1	42
23	0	926	8 	46	1	15
23	0	926	9 	62	1	17
23	0	927	1 	2	1	25
23	0	927	2 	6	1	15
23	0	927	3 	18	1	39
23	0	927	4 	5	1	20
23	0	927	5 	33	1	15
23	0	927	6 	45	0	20
23	0	927	7 	58	1	4
23	0	927	8 	60	1	25
23	0	927	9 	63	1	5
23	0	927	10 	74	1	10
23	0	928	1 	3	1	44
23	0	928	2 	9	1	25
23	0	928	3 	48	1	5
23	0	928	4 	36	1	13
23	0	928	5 	27	0	5
23	0	928	6 	35	1	20
23	0	928	7 	42	1	20
23	0	928	8 	39	1	25
23	0	928	9 	62	1	8
23	0	928	10 	62	0	5
23	0	931	1 	6	0	25
23	0	931	2 	5	0	16
23	0	931	3 	3	0	20
23	0	931	4 	31	0	11
23	0	931	5 	38	0	33
23	0	931	6 	46	0	17
23	0	931	7 	58	0	5
23	0	931	8 	53	0	21
23	0	931	9 	61	0	1
23	0	931	10 	69	0	1
23	0	932	1 	5	1	15
23	0	932	2 	9	1	15
23	0	932	3 	17	1	15
23	0	932	4 	24	1	30
23	0	932	5 	30	1	25
23	0	932	6 	36	1	25
23	0	932	7 	41	1	25
23	0	932	8 	38	1	15
23	0	932	9 	58	1	10
23	0	932	10 	52	1	6
23	0	936	1 	10	1	30
23	0	936	2 	7	1	15
23	0	936	3 	32	1	25
23	0	936	4 	39	1	20
23	0	936	5 	38	1	25
23	0	936	6 	48	1	5
23	0	936	7 	61	1	15
23	0	936	8 	35	0	1
23	0	936	9 	62	0	10
23	0	936	10 	69	1	1
23	0	937	1 	2	1	15
23	0	937	2 	6	1	22
23	0	937	3 	11	1	25
23	0	937	4 	18	1	15
23	0	937	5 	5	1	25
23	0	937	6 	26	1	7
23	0	937	7 	1	1	15
23	0	939	1 	5	1	34
23	0	939	2 	2	1	15
23	0	939	3 	72	1	1
23	0	939	4 	31	1	15
23	0	939	5 	38	1	25
23	0	939	6 	39	1	25
23	0	939	7 	41	1	10
23	0	939	8 	43	1	2
23	0	939	9 	47	1	20
23	0	939	10 	53	1	10
23	0	940	1 	2	1	25
23	0	940	2 	74	1	14
23	0	940	3 	18	1	25
23	0	940	4 	53	1	25
23	0	940	5 	35	0	10
23	0	940	6 	48	1	2
23	0	940	7 	33	1	7
23	0	940	8 	43	1	25
23	0	940	9 	38	1	25
23	0	940	10 	68	1	1
23	0	941	1 	8	0	37
23	0	941	2 	9	0	25
23	0	941	3 	20	0	25
23	0	941	4 	26	0	25
23	0	941	5 	5	0	21
23	0	941	6 	34	0	25
23	0	941	7 	42	0	15
23	0	941	8 	60	0	3
23	0	941	9 	58	0	5
23	0	941	10 	67	0	10
23	0	943	1 	12	1	30
23	0	943	2 	14	1	5
23	0	943	3 	20	1	5
23	0	943	4 	8	1	5
23	0	943	5 	23	1	5
23	0	943	6 	46	1	15
23	0	943	7 	67	1	17
23	0	943	8 	27	1	38
23	0	943	9 	41	1	25
23	0	943	10 	58	1	5
23	0	944	1 	2	1	32
23	0	944	2 	28	1	40
23	0	944	3 	10	1	25
23	0	944	4 	62	1	7
23	0	945	1 	1	1	26
23	0	946	1 	9	1	25
23	0	946	2 	61	1	4
23	0	946	3 	18	1	25
23	0	946	4 	35	1	9
23	0	946	5 	32	1	31
23	0	946	6 	31	1	20
23	0	946	7 	38	1	15
23	0	946	8 	36	1	10
23	0	946	9 	64	1	1
23	0	946	10 	47	1	7
23	0	948	1 	10	1	26
23	0	948	2 	18	1	25
23	0	948	3 	22	1	5
23	0	948	4 	33	1	37
23	0	948	5 	45	1	25
23	0	948	6 	37	1	20
23	0	948	7 	54	1	20
23	0	949	1 	7	1	25
23	0	949	2 	18	1	25
23	0	949	3 	10	1	25
23	0	949	4 	32	1	20
23	0	949	5 	49	1	25
23	0	949	6 	38	1	25
23	0	949	7 	46	1	10
23	0	949	8 	61	1	5
23	0	949	9 	70	1	14
23	0	949	10 	74	1	1
23	0	950	1 	10	1	41
23	0	950	2 	10	0	25
23	0	950	3 	12	1	25
23	0	950	4 	39	1	25
23	0	951	1 	10	1	35
23	0	951	2 	18	1	25
23	0	951	3 	29	1	5
23	0	951	4 	30	1	10
23	0	951	5 	32	1	20
23	0	951	6 	55	0	15
23	0	951	7 	46	1	25
23	0	951	8 	39	1	5
23	0	951	9 	55	1	5
23	0	951	10 	35	1	9
23	0	952	1 	3	0	26
23	0	952	2 	35	0	34
23	0	952	3 	21	0	25
23	0	952	4 	62	0	10
23	0	952	5 	43	0	20
23	0	952	6 	39	0	10
23	0	952	7 	20	0	15
23	0	952	8 	36	0	11
23	0	952	9 	11	0	10
23	0	952	10 	71	0	15
23	0	953	1 	2	1	25
23	0	953	2 	11	1	39
23	0	953	3 	13	1	5
23	0	953	4 	31	1	20
23	0	953	5 	28	1	24
23	0	953	6 	46	1	20
23	0	953	7 	35	1	13
23	0	954	1 	12	0	25
23	0	954	2 	5	0	25
23	0	954	3 	56	0	25
23	0	954	4 	62	0	4
23	0	954	5 	74	0	1
23	0	954	6 	26	0	25
23	0	954	7 	29	0	33
23	0	954	8 	10	0	15
23	0	954	9 	30	0	5
23	0	954	10 	41	0	15
23	0	955	1 	6	1	33
23	0	955	2 	6	0	25
23	0	955	3 	18	1	25
23	0	955	4 	31	1	20
23	0	955	5 	37	1	20
23	0	955	6 	55	1	10
23	0	955	7 	41	0	10
23	0	955	8 	72	1	1
23	0	955	9 	36	1	5
23	0	955	10 	62	0	10
23	0	956	1 	3	0	30
23	0	956	2 	62	0	15
23	0	956	3 	20	0	15
23	0	956	4 	17	0	10
23	0	956	5 	29	0	36
23	0	956	6 	36	0	25
23	0	956	7 	37	0	5
23	0	956	8 	71	0	2
23	0	956	9 	35	0	13
23	0	956	10 	56	0	25
23	0	957	1 	11	0	25
23	0	957	2 	5	0	20
23	0	957	3 	21	0	10
23	0	957	4 	26	0	10
23	0	957	5 	38	0	34
23	0	957	6 	7	0	15
23	0	957	7 	47	0	28
23	0	957	8 	72	0	1
23	0	957	9 	51	0	10
23	0	957	10 	53	0	5
23	0	958	1 	5	1	22
23	0	958	2 	18	1	15
23	0	958	3 	11	1	10
23	0	958	4 	2	1	20
23	0	958	5 	28	1	33
23	0	958	6 	62	1	4
23	0	958	7 	33	1	25
23	0	958	8 	67	1	4
23	0	958	9 	46	1	25
23	0	958	10 	56	1	16
23	0	959	1 	5	0	30
23	0	959	2 	46	0	5
23	0	959	3 	71	0	12
23	0	959	4 	23	0	20
23	0	959	5 	22	0	25
23	0	959	6 	26	0	15
23	0	959	7 	31	0	25
23	0	959	8 	56	0	5
23	0	959	10 	51	0	25
23	0	960	1 	6	0	33
23	0	960	2 	55	0	5
23	0	960	3 	7	0	25
23	0	960	4 	51	0	5
23	0	960	5 	45	0	25
23	0	960	6 	56	0	5
23	0	960	7 	27	0	10
23	0	960	8 	26	0	11
23	0	960	9 	35	0	5
23	0	960	10 	38	0	25
23	0	961	1 	7	1	49
23	0	964	1 	3	0	25
23	0	964	2 	4	0	20
23	0	964	3 	17	0	5
23	0	964	4 	24	0	31
23	0	964	5 	30	0	25
23	0	964	6 	41	0	20
23	0	964	7 	38	0	10
23	0	964	8 	58	0	6
23	0	964	9 	52	0	8
23	0	964	10 	62	0	20
23	0	966	1 	1	1	30
23	0	966	2 	11	1	25
23	0	966	3 	47	1	7
23	0	966	4 	55	0	5
23	0	966	5 	53	0	5
23	0	966	6 	7	0	25
23	0	966	7 	7	1	25
23	0	966	8 	38	1	25
23	0	966	9 	52	1	9
23	0	966	10 	68	1	5
23	0	967	1 	4	0	30
23	0	967	2 	68	0	3
23	0	967	3 	30	0	25
23	0	967	4 	36	0	15
23	0	967	5 	7	0	20
23	0	967	6 	38	0	17
23	0	967	7 	55	0	15
23	0	967	8 	50	0	25
23	0	967	9 	67	0	10
23	0	968	1 	6	0	30
23	0	968	2 	22	0	36
23	0	968	3 	46	0	21
23	0	968	4 	46	1	15
23	0	968	5 	38	0	10
23	0	968	6 	11	0	10
23	0	968	7 	5	0	15
23	0	968	8 	37	0	5
23	0	968	9 	20	0	5
23	0	968	10 	47	0	10
23	0	970	1 	32	0	42
23	0	970	2 	1	0	25
23	0	970	3 	18	0	25
23	0	970	4 	29	0	25
23	0	970	5 	14	0	10
23	0	970	6 	58	0	24
23	0	970	7 	27	0	5
23	0	970	8 	35	0	5
23	0	970	9 	74	0	1
23	0	970	10 	63	0	10
23	0	971	1 	4	0	25
23	0	971	2 	63	0	5
23	0	971	3 	61	0	10
23	0	971	4 	23	0	30
23	0	971	5 	75	0	1
23	0	971	6 	36	0	20
23	0	971	7 	35	0	10
23	0	971	8 	41	0	10
23	0	971	9 	56	0	31
23	0	971	10 	62	0	5
23	0	972	1 	5	0	32
23	0	972	2 	3	0	5
23	0	972	3 	31	0	25
23	0	972	4 	38	0	25
23	0	972	5 	54	0	37
23	0	972	6 	47	0	16
23	0	972	7 	53	0	2
23	0	973	1 	6	1	30
23	0	973	2 	56	1	5
23	0	973	3 	13	1	20
23	0	973	4 	17	1	25
23	0	973	5 	18	1	5
23	0	973	6 	50	1	5
23	0	973	7 	67	1	1
23	0	973	8 	53	1	39
23	0	973	9 	46	1	25
23	0	973	10 	38	1	10
23	0	975	1 	9	0	33
23	0	975	2 	14	0	25
23	0	975	3 	20	0	15
23	0	975	4 	31	0	14
23	0	975	5 	37	1	10
23	0	975	6 	38	0	25
23	0	975	7 	63	0	10
23	0	975	8 	5	0	10
23	0	978	1 	9	1	30
23	0	978	2 	67	1	25
23	0	978	3 	62	1	15
23	0	978	4 	61	1	5
23	0	978	5 	18	1	25
23	0	978	6 	53	1	10
23	0	978	7 	29	1	10
23	0	978	8 	74	1	1
23	0	978	9 	70	1	8
23	0	978	10 	45	1	29
23	0	979	1 	9	1	25
23	0	979	2 	8	1	20
23	0	979	3 	29	1	15
23	0	979	4 	18	1	25
23	0	979	5 	26	0	10
23	0	979	6 	2	1	20
23	0	979	7 	36	1	25
23	0	979	8 	68	1	1
23	0	979	9 	48	1	13
23	0	979	10 	37	1	35
23	0	980	1 	6	1	39
23	0	980	2 	5	1	10
23	0	980	3 	21	1	10
23	0	980	4 	28	1	25
23	0	980	5 	26	0	5
23	0	980	6 	31	1	15
23	0	980	7 	35	1	25
23	0	980	8 	54	1	25
23	0	980	9 	46	1	17
23	0	980	10 	68	1	16
23	0	982	1 	1	1	30
23	0	982	2 	2	1	20
23	0	982	3 	18	1	26
23	0	982	4 	11	1	20
23	0	982	5 	46	1	5
23	0	983	1 	3	0	21
23	0	983	2 	5	0	25
23	0	983	3 	21	0	25
23	0	983	4 	41	0	25
23	0	983	5 	48	0	20
23	0	983	6 	51	0	6
23	0	983	7 	62	0	16
23	0	983	8 	67	0	10
23	0	984	1 	11	0	30
23	0	984	2 	3	0	5
23	0	984	3 	9	0	20
23	0	984	4 	62	0	15
23	0	984	5 	35	0	10
23	0	984	6 	56	0	5
23	0	984	7 	32	0	5
23	0	984	8 	52	0	1
23	0	984	9 	41	0	38
23	0	984	10 	50	0	10
23	0	985	2 	7	1	25
23	0	985	3 	10	1	25
23	0	985	4 	29	1	30
23	0	985	5 	61	1	10
23	0	985	6 	3	1	5
23	0	985	7 	38	1	20
23	0	985	8 	39	1	5
23	0	985	9 	35	0	10
23	0	985	10 	50	1	33
23	0	986	1 	2	1	25
23	0	986	2 	11	1	25
23	0	986	3 	33	1	33
23	0	986	4 	35	0	5
23	0	986	5 	31	1	21
23	0	986	6 	47	1	12
23	0	986	7 	5	1	10
23	0	986	8 	58	1	5
23	0	986	9 	53	1	5
23	0	986	10 	54	1	25
23	0	988	1 	5	1	25
23	0	988	2 	38	1	5
23	0	988	3 	13	1	25
23	0	988	4 	46	1	39
23	0	988	5 	17	1	20
23	0	988	6 	21	1	5
23	0	988	7 	64	1	1
23	0	988	8 	58	1	5
23	0	988	9 	35	1	25
23	0	988	10 	39	1	25
23	0	989	1 	7	0	30
23	0	989	2 	1	0	10
23	0	989	3 	35	0	1
23	0	989	4 	5	0	5
23	0	989	5 	27	0	15
23	0	989	6 	38	0	40
23	0	989	7 	36	0	5
23	0	989	8 	51	0	25
23	0	989	9 	53	0	10
23	0	989	10 	62	0	5
23	0	990	1 	27	0	45
23	0	990	2 	12	1	10
23	0	990	3 	29	0	25
23	0	990	4 	3	0	27
23	0	990	5 	42	0	1
23	0	990	6 	56	0	8
23	0	990	7 	10	1	25
23	0	990	8 	62	0	15
23	0	990	9 	35	0	1
23	0	990	10 	62	1	1
23	0	991	1 	3	0	25
23	0	991	2 	5	1	5
23	0	991	3 	58	0	15
23	0	991	4 	26	0	39
23	0	991	5 	42	0	25
23	0	991	6 	35	0	10
23	0	991	7 	46	0	15
23	0	991	8 	55	0	5
23	0	991	9 	62	0	20
23	0	991	10 	73	0	2
23	0	992	1 	5	0	16
23	0	992	2 	5	1	5
23	0	992	3 	1	0	5
23	0	992	4 	12	0	24
23	0	992	5 	3	1	10
23	0	993	1 	5	0	25
23	0	993	2 	9	0	15
23	0	993	3 	13	0	25
23	0	993	4 	20	0	25
23	0	993	5 	62	0	5
23	0	993	6 	36	0	10
23	0	993	7 	43	0	25
23	0	993	8 	38	0	33
23	0	993	9 	54	0	10
23	0	993	10 	53	0	10
23	0	994	1 	6	1	33
23	0	994	2 	7	1	5
23	0	994	3 	20	1	25
23	0	994	4 	23	1	25
23	0	994	5 	55	1	10
23	0	994	6 	26	0	15
23	0	994	7 	31	1	15
23	0	994	8 	33	1	10
23	0	994	9 	64	1	20
23	0	994	10 	38	1	25
23	0	995	1 	10	1	25
23	0	995	2 	8	1	20
23	0	995	3 	22	1	6
23	0	995	4 	18	1	25
23	0	995	5 	30	1	25
23	0	995	6 	66	1	12
23	0	995	7 	39	1	40
23	0	995	8 	72	1	5
23	0	995	9 	38	1	25
23	0	995	10 	50	1	6
23	0	997	1 	3	1	31
23	0	997	2 	54	1	10
23	0	997	3 	18	1	25
23	0	997	4 	31	1	15
23	0	997	5 	27	1	20
23	0	997	6 	28	1	15
23	0	997	7 	38	1	15
23	0	997	8 	45	1	25
23	0	997	9 	67	1	10
23	0	999	1 	10	1	25
23	0	999	2 	4	1	25
23	0	999	3 	20	1	5
23	0	999	4 	23	1	15
23	0	999	5 	32	1	20
23	0	999	6 	36	1	10
23	0	999	7 	54	1	30
23	0	999	8 	7	1	5
23	0	1000	1 	2	1	25
23	0	1000	2 	68	0	5
23	0	1000	3 	5	1	10
23	0	1000	4 	21	1	10
23	0	1000	5 	69	0	10
23	0	1000	6 	26	0	25
23	0	1000	7 	31	1	20
23	0	1000	8 	35	0	20
23	0	1000	9 	46	1	30
23	0	1000	10 	42	0	15
23	0	1001	1 	11	1	25
23	0	1001	2 	29	1	17
23	0	1001	3 	31	1	15
23	0	1001	4 	3	1	15
23	0	1001	5 	18	1	42
23	0	1001	6 	68	1	12
23	0	1001	7 	52	1	5
23	0	1001	8 	55	0	5
23	0	1001	9 	72	1	1
23	0	1001	10 	54	1	20
23	0	1002	1 	12	0	11
23	0	1002	2 	5	1	20
23	0	1002	3 	8	1	20
23	0	1002	4 	2	1	15
23	0	1002	5 	18	1	30
23	0	1002	6 	30	1	30
23	0	1002	7 	54	1	26
23	0	1002	8 	58	1	17
23	0	1004	1 	1	1	25
23	0	1004	2 	71	0	5
23	0	1004	3 	18	1	5
23	0	1004	4 	53	0	12
23	0	1004	5 	7	0	25
23	0	1004	6 	27	1	25
23	0	1004	7 	38	1	5
23	0	1004	8 	39	1	53
23	0	1004	9 	62	1	5
23	0	1004	10 	55	1	5
23	0	1005	1 	4	0	10
23	0	1005	2 	3	0	25
23	0	1005	3 	27	0	37
23	0	1005	4 	35	0	10
23	0	1005	5 	23	0	20
23	0	1005	6 	17	0	10
23	0	1005	7 	54	0	10
23	0	1005	8 	41	0	25
23	0	1005	9 	56	0	25
23	0	1005	10 	62	0	11
23	0	1006	1 	12	1	25
23	0	1006	2 	13	1	20
23	0	1006	3 	10	1	25
23	0	1006	4 	50	1	30
23	0	1006	5 	48	1	8
23	0	1006	6 	36	1	30
23	0	1006	7 	35	0	10
23	0	1006	8 	79	1	5
23	0	1006	9 	5	1	10
23	0	1006	10 	56	0	15
23	0	1007	1 	9	0	30
23	0	1007	2 	6	0	25
23	0	1007	3 	29	0	29
23	0	1007	5 	34	0	20
23	0	1007	6 	37	0	15
23	0	1007	7 	48	0	16
23	0	1007	8 	63	0	20
23	0	1007	9 	61	0	5
23	0	1008	1 	3	0	30
23	0	1008	2 	68	0	1
23	0	1008	3 	21	0	25
23	0	1008	4 	36	0	25
23	0	1008	5 	38	0	5
23	0	1008	6 	62	0	19
23	0	1008	7 	35	0	20
23	0	1008	8 	54	0	5
23	0	1008	9 	47	0	20
23	0	1008	10 	67	0	3
23	0	1009	1 	6	0	25
23	0	1009	2 	55	0	25
23	0	1009	3 	35	0	10
23	0	1009	4 	22	0	5
23	0	1009	5 	5	0	15
23	0	1009	6 	21	0	7
23	0	1009	7 	28	0	25
23	0	1009	8 	41	0	39
23	0	1009	9 	71	0	10
23	0	1009	10 	68	0	1
23	0	1010	1 	47	0	36
23	0	1010	2 	29	0	25
23	0	1010	3 	45	0	25
23	0	1010	4 	22	0	25
23	0	1010	5 	8	0	20
23	0	1010	6 	9	0	20
23	0	1010	7 	50	0	1
23	0	1010	8 	72	0	17
23	0	1010	9 	13	0	5
23	0	1010	10 	26	0	10
23	0	1011	1 	39	1	25
23	0	1011	2 	35	0	10
23	0	1011	3 	53	1	44
23	0	1011	4 	10	1	30
23	0	1011	5 	64	1	1
23	0	1011	6 	58	1	5
23	0	1011	7 	20	1	10
23	0	1011	8 	45	1	5
23	0	1011	9 	33	1	10
23	0	1011	10 	70	1	6
23	0	1012	1 	2	1	16
23	0	1012	2 	8	1	30
23	0	1012	3 	31	1	25
23	0	1013	1 	10	0	25
23	0	1013	3 	22	0	20
23	0	1013	4 	37	0	25
23	0	1013	5 	3	0	15
23	0	1013	6 	32	0	10
23	0	1013	7 	38	0	25
23	0	1013	8 	56	0	10
23	0	1013	9 	55	0	21
23	0	1013	10 	5	0	5
23	0	1014	1 	11	1	30
23	0	1014	2 	68	1	10
23	0	1014	3 	7	1	15
23	0	1014	4 	46	1	15
23	0	1014	5 	3	1	15
23	0	1014	6 	35	1	31
23	0	1014	7 	48	1	5
23	0	1014	8 	32	1	25
23	0	1014	9 	27	1	25
23	0	1014	10 	38	1	10
23	0	1015	1 	11	1	39
23	0	1015	2 	18	1	20
23	0	1015	3 	31	1	15
23	0	1015	4 	1	1	10
23	0	1015	5 	53	1	10
23	0	1015	6 	2	1	10
23	0	1015	7 	63	1	1
23	0	1016	1 	2	1	25
23	0	1016	2 	5	1	20
23	0	1016	3 	14	1	20
23	0	1016	4 	18	1	25
23	0	1016	5 	3	1	17
23	0	1016	6 	33	1	28
23	0	1016	7 	38	1	15
23	0	1016	8 	41	1	8
23	0	1016	9 	43	1	6
23	0	1016	10 	60	1	5
23	0	1017	1 	2	0	30
23	0	1017	2 	5	0	15
23	0	1017	3 	5	1	5
23	0	1017	4 	3	0	5
23	0	1017	5 	7	1	5
23	0	1017	6 	7	0	5
23	0	1017	7 	1	0	15
23	0	1018	1 	11	0	25
23	0	1018	2 	58	0	10
23	0	1018	3 	13	0	5
23	0	1018	4 	55	0	5
23	0	1018	5 	20	0	10
23	0	1018	6 	17	0	25
23	0	1018	7 	35	0	5
23	0	1018	8 	26	0	33
23	0	1018	9 	38	0	25
23	0	1018	10 	47	0	10
23	0	1019	1 	11	1	43
23	0	1019	2 	46	1	20
23	0	1019	3 	42	1	20
23	0	1019	4 	48	0	20
23	0	1019	5 	58	1	15
23	0	1020	1 	2	1	21
23	0	1020	2 	8	1	5
23	0	1020	3 	3	1	25
23	0	1020	4 	5	1	5
23	0	1020	5 	22	1	30
23	0	1020	6 	38	1	25
23	0	1020	7 	35	1	3
23	0	1020	8 	58	1	35
23	0	1020	9 	61	1	1
23	0	1020	10 	69	1	1
23	0	1021	1 	2	1	22
23	0	1021	2 	46	1	25
23	0	1021	3 	18	1	48
23	0	1021	4 	61	1	5
23	0	1021	5 	1	1	10
23	0	1021	6 	32	1	25
23	0	1021	7 	42	1	5
23	0	1021	8 	38	1	5
23	0	1021	9 	48	1	5
23	0	1021	10 	70	1	4
23	0	1022	1 	7	1	25
23	0	1022	2 	56	1	10
23	0	1022	3 	18	1	25
23	0	1022	4 	51	1	17
23	0	1022	5 	10	1	20
23	0	1022	6 	54	1	30
23	0	1022	7 	36	1	20
23	0	1022	8 	32	1	10
23	0	1022	9 	38	1	10
23	0	1022	10 	78	1	1
23	0	1023	1 	7	1	40
23	0	1023	2 	10	1	20
23	0	1023	3 	23	1	25
23	0	1023	5 	50	1	1
23	0	1023	6 	39	1	15
23	0	1023	7 	35	0	25
23	0	1023	8 	56	1	20
23	0	1023	9 	68	1	15
23	0	1024	1 	12	0	27
23	0	1024	2 	60	0	1
23	0	1024	3 	20	0	15
23	0	1024	4 	35	0	1
23	0	1024	5 	26	0	25
23	0	1024	6 	21	0	25
23	0	1024	7 	36	0	25
23	0	1024	8 	56	0	28
23	0	1024	9 	50	0	5
23	0	1024	10 	54	0	25
23	0	1026	1 	9	1	39
23	0	1026	2 	2	1	25
23	0	1026	3 	31	1	25
23	0	1026	4 	60	1	17
23	0	1026	5 	68	1	10
23	0	1027	1 	8	0	10
23	0	1027	2 	1	0	10
23	0	1027	3 	60	0	5
23	0	1027	4 	15	0	15
23	0	1027	5 	20	0	15
23	0	1027	6 	27	0	30
23	0	1027	7 	28	0	10
23	0	1027	8 	72	0	5
23	0	1027	9 	45	0	30
23	0	1027	10 	53	0	24
23	0	1029	1 	11	0	30
23	0	1029	2 	32	0	30
23	0	1029	3 	35	0	30
23	0	1029	4 	48	1	28
23	0	1030	1 	10	1	30
23	0	1030	2 	29	1	25
23	0	1030	3 	26	1	10
23	0	1030	4 	39	1	25
23	0	1030	5 	38	1	15
23	0	1030	6 	50	1	39
23	0	1030	7 	62	0	15
23	0	1031	1 	8	1	39
23	0	1031	2 	18	1	25
23	0	1031	3 	26	1	10
23	0	1031	4 	37	1	15
23	0	1031	5 	39	1	25
23	0	1031	6 	41	1	25
23	0	1031	7 	47	1	5
23	0	1032	1 	11	0	30
23	0	1032	2 	3	0	20
23	0	1032	3 	20	0	15
23	0	1032	4 	32	0	5
23	0	1032	5 	39	0	48
23	0	1032	6 	41	0	5
23	0	1032	7 	47	0	5
23	0	1032	8 	56	0	5
23	0	1033	1 	3	0	27
23	0	1033	2 	70	0	3
23	0	1033	3 	10	1	20
23	0	1033	4 	26	0	15
23	0	1033	5 	27	0	25
23	0	1033	6 	41	0	25
23	0	1033	8 	46	0	11
23	0	1033	9 	56	0	20
23	0	1033	10 	62	0	15
23	0	1034	1 	8	0	45
23	0	1034	2 	1	0	10
23	0	1034	3 	30	0	25
23	0	1034	4 	8	1	20
23	0	1034	5 	38	1	15
23	0	1034	6 	35	1	7
23	0	1034	7 	52	0	10
23	0	1034	8 	58	0	10
23	0	1034	9 	68	1	25
23	0	1034	10 	62	0	1
23	0	1035	1 	7	1	25
23	0	1035	2 	8	1	20
23	0	1035	3 	61	1	12
23	0	1035	5 	50	1	10
23	0	1035	6 	27	1	16
23	0	1035	7 	32	1	20
23	0	1035	8 	10	1	25
23	0	1035	9 	45	1	15
23	0	1035	10 	54	1	25
23	0	1036	1 	7	1	30
23	0	1036	2 	18	1	15
23	0	1036	3 	45	1	5
23	0	1036	4 	30	1	25
23	0	1036	5 	32	1	20
23	0	1036	6 	27	1	20
23	0	1036	8 	39	1	25
23	0	1036	9 	35	1	25
23	0	1036	10 	62	1	5
23	0	1037	1 	68	1	1
23	0	1037	2 	62	0	1
23	0	1037	3 	56	0	40
23	0	1037	4 	5	0	15
23	0	1037	5 	41	0	25
23	0	1037	6 	67	0	1
23	0	1037	7 	23	0	10
23	0	1037	8 	31	1	20
23	0	1037	9 	32	1	25
23	0	1037	10 	47	0	3
23	0	1038	1 	6	1	36
23	0	1038	2 	12	1	10
23	0	1038	3 	8	1	25
23	0	1038	4 	2	1	10
23	0	1038	5 	10	1	9
23	0	1038	6 	62	1	1
23	0	1038	7 	51	1	5
23	0	1038	8 	47	1	5
23	0	1038	9 	35	1	20
23	0	1038	10 	53	1	15
23	0	1039	1 	12	1	15
23	0	1039	2 	61	1	5
23	0	1039	3 	14	1	15
23	0	1039	4 	19	1	33
23	0	1039	5 	58	1	5
23	0	1039	6 	23	1	33
23	0	1039	7 	62	0	11
23	0	1039	8 	53	1	5
23	0	1039	9 	29	1	25
23	0	1039	10 	38	1	25
23	0	1041	1 	3	0	43
23	0	1041	2 	29	0	25
23	0	1041	3 	32	0	25
23	0	1041	4 	31	1	15
23	0	1041	5 	53	0	5
23	0	1041	6 	50	0	10
23	0	1041	7 	55	0	5
23	0	1041	8 	62	0	15
23	0	1042	1 	53	0	1
23	0	1042	2 	73	0	1
23	0	1042	3 	55	0	20
23	0	1042	4 	74	0	23
23	0	1042	5 	67	0	5
23	0	1042	6 	26	0	26
23	0	1042	7 	29	0	31
23	0	1042	8 	9	0	10
23	0	1042	9 	62	0	10
23	0	1042	10 	45	0	33
23	0	1044	1 	2	0	30
23	0	1044	2 	6	0	25
23	0	1044	3 	3	0	20
23	0	1044	4 	32	0	13
23	0	1044	5 	38	0	25
23	0	1044	6 	43	0	20
23	0	1044	7 	54	1	14
23	0	1044	8 	62	0	15
23	0	1045	1 	4	0	30
23	0	1045	2 	18	0	5
23	0	1045	3 	20	0	5
23	0	1045	4 	11	0	15
23	0	1045	6 	23	0	30
23	0	1045	7 	38	0	25
23	0	1045	8 	56	0	30
23	0	1045	9 	53	0	5
23	0	1045	10 	62	0	5
23	0	1046	1 	3	0	25
23	0	1046	2 	10	0	15
23	0	1046	3 	23	0	25
23	0	1046	4 	62	1	1
23	0	1046	5 	55	0	5
23	0	1046	6 	41	0	25
23	0	1046	7 	61	0	1
23	0	1046	8 	62	0	25
23	0	1046	9 	56	0	31
23	0	1046	10 	68	0	5
23	0	1047	1 	9	1	30
23	0	1047	2 	8	1	20
23	0	1047	3 	18	1	15
23	0	1047	4 	23	1	10
23	0	1047	5 	31	1	15
23	0	1047	6 	36	1	10
23	0	1047	7 	45	1	33
23	0	1047	8 	39	1	15
23	0	1047	9 	53	1	15
23	0	1047	10 	69	1	16
23	0	1049	1 	67	0	10
23	0	1049	2 	39	0	5
23	0	1049	3 	27	0	20
23	0	1049	4 	45	0	25
23	0	1049	5 	22	0	25
23	0	1049	6 	55	0	2
23	0	1049	7 	58	0	5
23	0	1049	8 	29	0	39
23	0	1049	9 	5	0	25
23	0	1049	10 	26	0	5
23	0	1050	1 	6	1	25
23	0	1050	2 	72	1	5
23	0	1050	3 	13	1	5
23	0	1050	4 	4	1	20
23	0	1050	5 	22	1	25
23	0	1050	6 	47	1	5
23	0	1050	7 	38	1	5
23	0	1050	8 	50	1	25
23	0	1050	9 	60	1	5
23	0	1050	10 	33	1	47
23	0	1051	1 	10	0	25
23	0	1051	2 	7	0	15
23	0	1051	3 	15	0	20
23	0	1051	4 	18	0	20
23	0	1051	5 	1	0	5
23	0	1051	6 	7	1	10
23	0	1051	7 	62	0	15
23	0	1051	8 	26	0	25
23	0	1051	9 	48	0	5
23	0	1051	10 	56	0	40
23	0	1052	1 	5	1	42
23	0	1052	2 	10	1	25
23	0	1052	3 	1	0	5
23	0	1052	4 	21	1	11
23	0	1052	5 	26	0	5
23	0	1052	6 	31	1	15
23	0	1052	7 	41	0	20
23	0	1052	8 	48	1	20
23	0	1052	9 	53	1	16
23	0	1052	10 	62	0	7
23	0	1054	1 	6	1	36
23	0	1054	2 	68	1	1
23	0	1054	3 	56	1	10
23	0	1054	4 	35	0	10
23	0	1054	5 	62	1	20
23	0	1054	6 	29	1	10
23	0	1054	7 	32	1	25
23	0	1054	8 	33	1	15
23	0	1054	9 	39	1	5
23	0	1054	10 	46	1	15
23	0	1055	1 	7	1	53
23	0	1056	1 	1	0	31
23	0	1056	2 	7	0	15
23	0	1056	3 	11	0	10
23	0	1056	4 	5	0	10
23	0	1056	5 	31	0	10
23	0	1056	6 	3	0	10
23	0	1056	7 	38	0	30
23	0	1056	8 	54	0	22
23	0	1056	9 	63	0	15
23	0	1057	1 	2	1	20
23	0	1057	2 	13	1	30
23	0	1057	3 	22	1	25
23	0	1057	4 	64	1	33
23	0	1057	5 	72	1	10
23	0	1057	6 	39	1	20
23	0	1057	7 	46	1	21
23	0	1057	8 	38	1	15
23	0	1057	9 	54	1	1
23	0	1057	10 	69	1	1
23	0	1058	1 	60	0	25
23	0	1058	2 	60	1	10
23	0	1058	3 	29	1	18
23	0	1058	4 	34	1	25
23	0	1058	5 	50	1	20
23	0	1058	6 	23	0	10
23	0	1058	7 	5	1	23
23	0	1058	8 	3	0	15
23	0	1058	9 	2	1	15
23	0	1058	10 	35	0	6
23	0	1059	1 	2	1	25
23	0	1059	2 	8	1	25
23	0	1059	3 	18	1	25
23	0	1059	4 	39	1	25
23	0	1059	5 	60	1	25
23	0	1059	6 	56	1	20
23	0	1062	1 	11	0	34
23	0	1062	2 	18	0	30
23	0	1062	3 	63	0	10
23	0	1066	1 	1	1	32
23	0	1066	2 	4	1	20
23	0	1066	3 	21	1	15
23	0	1066	4 	64	1	5
23	0	1066	5 	31	1	20
23	0	1066	6 	46	1	20
23	0	1066	7 	48	1	10
23	0	1066	8 	56	1	15
23	0	1066	9 	53	1	15
23	0	1066	10 	69	1	5
23	0	1067	1 	62	0	10
23	0	1067	2 	3	0	10
23	0	1067	3 	27	0	10
23	0	1067	4 	66	0	1
23	0	1067	5 	5	0	25
23	0	1067	6 	4	0	25
23	0	1067	7 	38	0	55
23	0	1067	8 	45	0	15
23	0	1067	9 	70	0	5
23	0	1067	10 	50	0	15
23	0	1068	1 	3	0	30
23	0	1068	2 	10	0	15
23	0	1068	3 	62	0	15
23	0	1068	4 	12	0	5
23	0	1068	5 	55	0	5
23	0	1068	6 	17	0	15
23	0	1068	7 	61	0	1
23	0	1068	8 	71	0	23
23	0	1068	9 	56	0	5
23	0	1068	10 	32	0	25
23	0	1069	1 	5	0	25
23	0	1069	2 	12	0	20
23	0	1069	3 	11	0	25
23	0	1069	4 	38	0	25
23	0	1069	5 	48	0	23
23	0	1069	6 	46	0	25
23	0	1069	7 	61	0	5
23	0	1069	8 	63	1	1
23	0	1070	1 	1	0	25
23	0	1070	2 	7	0	25
23	0	1070	3 	52	0	5
23	0	1070	4 	26	0	25
23	0	1070	5 	72	0	5
23	0	1070	6 	5	0	15
23	0	1070	7 	35	0	5
23	0	1070	8 	53	0	5
23	0	1070	9 	38	0	41
23	0	1070	10 	58	0	15
23	0	1071	1 	2	1	28
23	0	1071	2 	8	1	20
23	0	1071	3 	1	1	17
23	0	1071	4 	2	0	12
23	0	1071	5 	10	1	18
23	0	1071	6 	45	0	17
23	0	1071	7 	7	0	30
23	0	1071	8 	35	1	9
23	0	1073	1 	2	1	27
23	0	1073	2 	6	1	20
23	0	1073	3 	13	1	25
23	0	1073	4 	39	1	25
23	0	1073	5 	32	1	10
23	0	1073	6 	38	1	10
23	0	1073	7 	46	1	25
23	0	1073	8 	64	1	5
23	0	1073	9 	62	1	5
23	0	1075	1 	11	1	38
23	0	1075	2 	20	1	20
23	0	1075	3 	21	1	20
23	0	1075	4 	28	1	30
23	0	1075	5 	62	1	10
23	0	1076	1 	2	1	25
23	0	1076	2 	8	1	25
23	0	1076	3 	18	1	25
23	0	1076	4 	31	1	33
23	0	1076	5 	39	1	20
23	0	1076	6 	50	1	5
23	0	1076	7 	56	1	22
23	0	1078	1 	6	1	20
23	0	1078	2 	62	1	15
23	0	1078	3 	18	1	25
23	0	1078	4 	37	1	25
23	0	1078	5 	26	0	15
23	0	1078	6 	31	1	20
23	0	1078	7 	35	1	1
23	0	1078	8 	50	1	5
23	0	1078	9 	47	1	5
23	0	1078	10 	48	1	28
23	0	1079	1 	11	0	36
23	0	1079	2 	20	0	25
23	0	1079	3 	30	0	21
23	0	1079	4 	37	0	17
23	0	1079	5 	47	0	15
23	0	1079	6 	48	0	15
23	0	1081	1 	6	1	20
23	0	1081	2 	13	1	10
23	0	1081	3 	18	1	30
23	0	1081	4 	31	1	20
23	0	1081	5 	54	1	29
23	0	1081	6 	47	1	5
23	0	1081	7 	48	1	5
23	0	1081	8 	64	1	10
23	0	1083	1 	12	1	25
23	0	1083	2 	14	1	20
23	0	1083	3 	10	1	25
23	0	1083	4 	61	1	34
23	0	1083	5 	46	1	5
23	0	1083	6 	23	1	25
23	0	1083	7 	62	1	1
23	0	1083	8 	27	1	20
23	0	1083	9 	56	1	10
23	0	1083	10 	56	0	1
23	0	1085	1 	5	0	30
23	0	1085	2 	2	0	30
23	0	1085	3 	11	0	28
23	0	1085	4 	3	0	10
23	0	1086	1 	2	1	30
23	0	1086	2 	30	1	25
23	0	1086	3 	33	1	25
23	0	1086	4 	47	1	25
23	0	1086	5 	55	1	25
23	0	1086	6 	69	1	4
23	0	1087	1 	6	0	32
23	0	1087	2 	27	0	25
23	0	1087	3 	51	0	5
23	0	1087	4 	37	0	25
23	0	1087	5 	43	0	25
23	0	1087	6 	63	0	20
23	0	1087	7 	69	0	5
23	0	1087	8 	62	0	5
23	0	1088	1 	56	0	39
23	0	1088	2 	72	0	1
23	0	1088	3 	5	0	25
23	0	1088	4 	19	0	11
23	0	1088	5 	68	0	1
23	0	1088	6 	62	0	1
23	0	1088	7 	45	0	10
23	0	1088	8 	26	0	25
23	0	1088	9 	50	0	10
23	0	1088	10 	7	0	25
23	0	1090	1 	11	1	25
23	0	1090	2 	39	1	5
23	0	1090	3 	18	1	25
23	0	1090	4 	10	1	25
23	0	1090	5 	22	1	25
23	0	1090	6 	72	1	1
23	0	1090	7 	53	1	28
23	0	1090	8 	64	1	5
23	0	1090	9 	38	1	17
23	0	1090	10 	50	1	5
23	0	1091	1 	2	1	21
23	0	1091	2 	18	1	30
23	0	1091	3 	31	1	19
23	0	1091	4 	5	1	25
23	0	1091	5 	38	1	15
23	0	1091	6 	54	1	15
23	0	1091	7 	43	1	10
23	0	1091	8 	48	1	10
23	0	1091	9 	53	1	18
23	0	1091	10 	63	1	1
23	0	1093	1 	12	1	33
23	0	1093	2 	14	1	25
23	0	1093	3 	33	1	25
23	0	1093	4 	46	1	25
23	0	1093	5 	56	1	25
23	0	1093	6 	61	1	14
23	0	1094	1 	1	1	37
23	0	1094	2 	7	1	26
23	0	1094	3 	17	1	21
23	0	1094	4 	26	0	21
23	0	1094	5 	56	1	15
23	0	1094	6 	61	1	11
23	0	1095	1 	3	0	31
23	0	1095	2 	9	0	21
23	0	1095	3 	13	0	25
23	0	1095	4 	42	0	20
23	0	1095	5 	46	0	20
23	0	1096	1 	12	1	20
23	0	1096	2 	10	1	20
23	0	1096	3 	16	1	27
23	0	1096	4 	11	1	11
23	0	1096	5 	21	1	10
23	0	1096	6 	29	1	20
23	0	1096	7 	39	1	24
23	0	1096	8 	37	1	36
23	0	1097	1 	11	0	20
23	0	1097	3 	1	0	10
23	0	1097	4 	20	0	10
23	0	1097	5 	26	0	15
23	0	1097	6 	31	0	35
23	0	1097	7 	34	0	10
23	0	1097	8 	45	0	10
23	0	1097	9 	47	0	25
23	0	1097	10 	55	0	20
23	0	1100	1 	7	0	62
23	0	1100	2 	28	0	5
23	0	1100	3 	31	0	15
23	0	1100	4 	55	0	5
23	0	1100	5 	47	0	5
23	0	1100	6 	60	0	5
23	0	1100	7 	68	0	1
23	0	1103	1 	2	1	20
23	0	1103	2 	7	1	15
23	0	1103	3 	23	1	25
23	0	1103	4 	10	1	21
23	0	1103	5 	4	1	10
23	0	1103	6 	55	1	25
23	0	1103	7 	46	1	25
23	0	1106	1 	11	0	25
23	0	1106	2 	47	0	10
23	0	1106	3 	67	0	5
23	0	1106	4 	22	0	25
23	0	1106	5 	29	0	45
23	0	1106	6 	35	0	10
23	0	1106	7 	41	0	10
23	0	1106	8 	52	0	20
23	0	1106	9 	54	0	5
23	0	1106	10 	48	0	10
23	0	1107	1 	7	1	25
23	0	1107	2 	18	1	30
23	0	1107	3 	52	1	5
23	0	1107	4 	67	1	12
23	0	1107	5 	29	1	10
23	0	1107	6 	35	0	10
23	0	1107	7 	33	1	5
23	0	1107	8 	38	1	25
23	0	1107	9 	54	1	5
23	0	1107	10 	53	1	42
23	0	1108	1 	8	1	20
23	0	1108	2 	18	1	25
23	0	1108	3 	79	1	7
23	0	1108	4 	23	1	15
23	0	1108	5 	35	0	5
23	0	1108	6 	58	1	25
23	0	1108	7 	38	1	25
23	0	1108	8 	8	0	5
23	0	1108	9 	42	1	22
23	0	1108	10 	53	1	25
23	0	1109	1 	10	1	33
23	0	1109	2 	35	0	5
23	0	1109	3 	67	1	3
23	0	1109	4 	62	1	15
23	0	1109	5 	29	1	25
23	0	1109	6 	27	1	25
23	0	1109	7 	55	1	25
23	0	1109	8 	36	1	10
23	0	1109	9 	73	1	1
23	0	1109	10 	56	0	15
23	0	1110	1 	4	1	25
23	0	1110	2 	7	1	10
23	0	1110	3 	20	1	30
23	0	1110	4 	27	1	5
23	0	1110	5 	41	1	25
23	0	1110	6 	46	1	32
23	0	1110	7 	1	1	5
23	0	1110	8 	58	1	18
23	0	1111	1 	11	1	25
23	0	1111	2 	6	1	15
23	0	1111	3 	47	1	5
23	0	1111	4 	18	1	28
23	0	1111	5 	33	1	5
23	0	1111	6 	2	1	20
23	0	1111	7 	40	1	30
23	0	1111	8 	54	1	25
23	0	1111	9 	55	1	10
23	0	1111	10 	51	1	5
23	0	1112	1 	6	0	21
23	0	1112	2 	3	0	10
23	0	1112	3 	62	0	5
23	0	1112	4 	21	0	27
23	0	1112	5 	47	0	5
23	0	1112	6 	29	0	39
23	0	1112	7 	56	0	15
23	0	1112	8 	5	0	15
23	0	1112	9 	39	0	10
23	0	1112	10 	33	0	25
23	0	1113	1 	62	0	1
23	0	1113	2 	6	0	30
23	0	1113	3 	5	0	10
23	0	1113	4 	3	0	20
23	0	1113	5 	30	0	10
23	0	1113	6 	38	0	5
23	0	1113	7 	36	0	25
23	0	1113	9 	46	0	35
23	0	1115	1 	7	1	35
23	0	1115	2 	10	1	20
23	0	1115	3 	4	1	25
23	0	1115	4 	24	1	15
23	0	1115	5 	32	1	20
23	0	1115	6 	46	1	10
23	0	1115	7 	53	1	14
23	0	1116	1 	67	0	10
23	0	1116	2 	3	0	20
23	0	1116	3 	62	0	10
23	0	1116	4 	9	0	20
23	0	1116	5 	41	0	25
23	0	1116	6 	33	0	20
23	0	1116	7 	46	0	10
23	0	1116	8 	56	0	15
23	0	1116	9 	60	0	10
23	0	1117	1 	7	0	30
23	0	1117	2 	11	0	16
23	0	1117	3 	7	1	5
23	0	1117	4 	38	0	33
23	0	1117	5 	5	0	15
23	0	1117	6 	55	0	15
23	0	1117	7 	56	0	10
23	0	1117	8 	53	0	25
23	0	1117	9 	63	0	5
23	0	1118	1 	12	0	25
23	0	1118	2 	3	0	25
23	0	1118	3 	33	0	25
23	0	1118	4 	2	1	26
23	0	1118	5 	61	1	19
23	0	1119	1 	2	0	29
23	0	1121	1 	7	1	36
23	0	1121	2 	13	1	25
23	0	1121	3 	38	1	15
23	0	1121	4 	10	1	25
23	0	1121	5 	56	1	25
23	0	1121	6 	62	1	9
23	0	1122	1 	2	1	30
23	0	1122	2 	13	1	10
23	0	1122	3 	10	1	15
23	0	1122	4 	17	1	15
23	0	1122	5 	31	1	20
23	0	1122	6 	68	1	1
23	0	1122	7 	33	1	5
23	0	1122	8 	28	1	37
23	0	1122	9 	38	1	11
23	0	1122	10 	60	1	10
23	0	1123	1 	3	0	36
23	0	1123	2 	60	0	11
23	0	1123	3 	5	0	25
23	0	1123	4 	29	0	25
23	0	1123	5 	35	0	6
23	0	1123	6 	45	0	10
23	0	1123	7 	54	0	5
23	0	1123	8 	53	0	5
23	0	1123	9 	43	0	15
23	0	1123	10 	62	0	20
23	0	1124	1 	2	1	30
23	0	1124	2 	11	1	20
23	0	1124	3 	20	1	10
23	0	1124	4 	35	0	10
23	0	1124	5 	28	1	25
23	0	1124	6 	69	1	5
23	0	1124	7 	56	1	10
23	0	1124	8 	39	1	25
23	0	1124	9 	46	1	5
23	0	1124	10 	63	1	10
23	0	1126	1 	2	1	25
23	0	1126	2 	5	1	10
23	0	1126	3 	7	1	25
23	0	1126	4 	18	1	42
23	0	1126	5 	47	1	10
23	0	1126	6 	67	1	1
23	0	1126	7 	60	1	5
23	0	1126	8 	33	1	5
23	0	1126	9 	68	1	16
23	0	1126	10 	38	1	25
23	0	1127	1 	6	1	30
23	0	1127	2 	14	1	30
23	0	1127	3 	20	1	15
23	0	1127	4 	1	0	5
23	0	1127	5 	32	1	27
23	0	1127	6 	42	1	10
23	0	1127	7 	43	1	10
23	0	1129	1 	1	1	25
23	0	1129	2 	18	1	31
23	0	1129	3 	26	0	15
23	0	1129	4 	38	1	25
23	0	1129	5 	47	1	2
23	0	1129	6 	7	1	25
23	0	1129	7 	35	1	10
23	0	1129	8 	55	0	2
23	0	1130	1 	2	1	25
23	0	1130	2 	72	1	1
23	0	1130	3 	10	1	25
23	0	1130	4 	18	1	25
23	0	1130	5 	47	1	25
23	0	1130	6 	35	0	16
23	0	1130	7 	8	1	20
23	0	1130	8 	62	1	1
23	0	1130	9 	38	1	10
23	0	1130	10 	41	1	25
23	0	1132	1 	3	0	25
23	0	1132	2 	11	0	10
23	0	1132	3 	20	0	6
23	0	1132	4 	1	0	5
23	0	1132	5 	22	0	10
23	0	1132	6 	12	0	25
23	0	1132	7 	33	0	20
23	0	1132	8 	41	0	27
23	0	1132	9 	56	0	22
23	0	1132	10 	67	0	10
23	0	1133	1 	2	1	20
23	0	1133	2 	5	1	11
23	0	1133	3 	5	0	15
23	0	1133	4 	9	1	30
23	0	1133	5 	22	1	30
23	0	1133	6 	29	1	15
23	0	1133	7 	46	1	5
23	0	1133	8 	43	1	10
23	0	1133	9 	53	1	10
23	0	1133	10 	74	1	10
23	0	1134	1 	11	0	25
23	0	1134	2 	8	0	25
23	0	1134	3 	18	0	15
23	0	1134	4 	55	0	5
23	0	1134	5 	26	0	37
23	0	1134	6 	53	0	5
23	0	1134	7 	42	0	20
23	0	1134	8 	45	0	17
23	0	1134	9 	58	0	5
23	0	1137	1 	6	0	45
23	0	1137	2 	3	0	19
23	0	1138	1 	10	0	17
23	0	1138	2 	4	0	25
23	0	1138	3 	62	0	10
23	0	1138	4 	10	1	25
23	0	1138	5 	29	0	25
23	0	1138	6 	48	0	5
23	0	1138	7 	53	0	15
23	0	1138	8 	7	0	25
23	0	1138	9 	35	0	10
23	0	1138	10 	45	0	10
23	0	1139	1 	1	1	35
23	0	1139	2 	7	1	25
23	0	1139	3 	18	1	18
23	0	1139	4 	42	1	10
23	0	1139	5 	39	1	30
23	0	1139	6 	54	1	5
23	0	1139	7 	58	1	10
23	0	1140	1 	11	0	26
23	0	1140	2 	64	0	15
23	0	1140	3 	2	0	15
23	0	1140	4 	23	0	15
23	0	1140	5 	51	0	6
23	0	1140	6 	27	0	15
23	0	1140	7 	31	0	20
23	0	1140	8 	41	0	25
23	0	1140	9 	38	0	25
23	0	1140	10 	55	0	6
23	0	1141	1 	10	1	25
23	0	1141	2 	4	1	15
23	0	1141	3 	12	1	10
23	0	1141	4 	62	1	1
23	0	1141	5 	23	1	37
23	0	1141	6 	70	1	5
23	0	1141	7 	54	1	25
23	0	1141	8 	39	1	25
23	0	1141	9 	38	1	25
23	0	1141	10 	48	1	20
23	0	1143	1 	3	0	20
23	0	1143	2 	5	0	25
23	0	1143	3 	29	0	30
23	0	1143	4 	31	0	10
23	0	1143	5 	1	0	25
23	0	1143	6 	45	0	10
23	0	1143	7 	63	0	20
23	0	1143	8 	62	0	25
23	0	1144	1 	7	1	25
23	0	1144	2 	61	1	25
23	0	1144	3 	38	1	44
23	0	1144	4 	18	1	25
23	0	1144	5 	10	1	15
23	0	1144	6 	50	1	10
23	0	1144	7 	28	1	25
23	0	1144	8 	52	1	1
23	0	1144	9 	54	1	5
23	0	1144	10 	62	1	1
23	0	1145	1 	8	1	30
23	0	1145	2 	10	1	30
23	0	1145	3 	4	1	20
23	0	1145	4 	61	1	10
23	0	1147	1 	12	0	31
23	0	1147	2 	3	0	31
23	0	1147	3 	1	0	31
23	0	1147	4 	38	0	14
23	0	1147	5 	51	0	7
23	0	1147	6 	71	0	1
23	0	1148	1 	1	0	25
23	0	1148	2 	11	0	20
23	0	1148	3 	21	0	5
23	0	1148	4 	31	0	30
23	0	1148	5 	28	0	5
23	0	1148	6 	37	0	5
23	0	1148	7 	43	0	15
23	0	1148	8 	51	0	26
23	0	1148	9 	55	0	10
23	0	1148	10 	62	0	10
23	0	1149	1 	1	1	30
23	0	1149	2 	7	1	26
23	0	1149	3 	31	1	5
23	0	1149	4 	28	1	10
23	0	1149	5 	37	1	6
23	0	1149	6 	43	1	25
23	0	1149	7 	51	1	5
23	0	1149	8 	55	1	30
23	0	1149	9 	62	1	5
23	0	1150	1 	11	0	25
23	0	1150	2 	1	0	15
23	0	1150	3 	45	0	25
23	0	1150	4 	17	0	15
23	0	1150	5 	26	0	33
23	0	1150	6 	31	0	16
23	0	1150	7 	38	0	20
23	0	1150	8 	41	0	15
23	0	1150	9 	46	0	20
23	0	1151	1 	2	1	34
23	0	1151	2 	18	1	38
23	0	1151	3 	1	1	10
23	0	1152	1 	11	0	20
23	0	1152	2 	1	0	20
23	0	1152	3 	21	0	10
23	0	1152	4 	9	0	10
23	0	1152	5 	51	1	10
23	0	1152	6 	51	0	28
23	0	1152	7 	55	0	19
23	0	1152	8 	61	0	1
23	0	1153	1 	4	1	26
23	0	1153	2 	13	1	28
23	0	1153	3 	42	0	37
23	0	1155	1 	12	1	30
23	0	1155	2 	13	1	25
23	0	1155	3 	18	1	15
23	0	1155	4 	4	1	30
23	0	1155	5 	10	1	6
23	0	1155	6 	61	1	17
23	0	1155	7 	61	0	1
23	0	1159	1 	28	0	51
23	0	1159	2 	6	0	25
23	0	1159	3 	5	0	25
23	0	1159	4 	45	0	25
23	0	1159	5 	62	0	12
23	0	1159	6 	54	0	5
23	0	1159	7 	52	0	5
23	0	1159	8 	43	0	5
23	0	1159	9 	68	0	10
23	0	1159	10 	72	0	5
23	0	1160	1 	6	1	30
23	0	1160	2 	13	0	17
23	0	1160	3 	18	1	25
23	0	1160	4 	33	1	25
23	0	1160	5 	37	1	15
23	0	1160	6 	45	1	18
23	0	1160	7 	54	1	25
23	0	1160	8 	74	1	10
23	0	1160	9 	69	1	1
23	0	1161	1 	4	1	30
23	0	1161	2 	35	0	10
23	0	1161	3 	61	1	5
23	0	1161	4 	7	1	15
23	0	1161	5 	29	1	25
23	0	1161	6 	62	1	1
23	0	1161	7 	27	1	34
23	0	1161	8 	37	1	15
23	0	1161	9 	3	1	10
23	0	1161	10 	39	1	25
23	0	1162	1 	11	1	37
23	0	1162	2 	11	0	30
23	0	1162	3 	17	0	25
23	0	1162	4 	29	1	5
23	0	1162	5 	62	0	10
23	0	1162	6 	31	1	6
23	0	1162	7 	62	1	1
23	0	1162	8 	41	1	15
23	0	1162	9 	46	1	15
23	0	1162	10 	54	0	5
23	0	1163	1 	6	1	35
23	0	1163	2 	10	1	25
23	0	1163	3 	2	1	15
23	0	1163	4 	24	1	10
23	0	1163	5 	26	1	10
23	0	1163	6 	32	1	15
23	0	1163	7 	46	1	10
23	0	1163	8 	53	1	19
23	0	1164	1 	4	1	39
23	0	1164	2 	62	1	3
23	0	1164	3 	20	1	10
23	0	1164	4 	23	1	16
23	0	1164	5 	32	1	21
23	0	1164	6 	27	1	11
23	0	1164	7 	38	1	25
23	0	1164	8 	41	1	25
23	0	1164	9 	39	1	11
23	0	1164	10 	61	1	21
23	0	1165	1 	6	1	25
23	0	1165	2 	13	1	8
23	0	1165	3 	18	1	47
23	0	1165	4 	23	1	25
23	0	1165	5 	28	1	25
23	0	1165	6 	45	0	20
23	0	1165	7 	62	1	5
23	0	1165	8 	8	1	20
23	0	1165	9 	33	1	5
23	0	1165	10 	54	1	5
23	0	1166	1 	1	1	25
23	0	1166	2 	7	1	25
23	0	1166	3 	18	1	30
23	0	1166	4 	22	1	25
23	0	1166	5 	31	1	5
23	0	1166	6 	39	1	25
23	0	1166	7 	64	1	5
23	0	1166	8 	38	1	10
23	0	1166	9 	53	1	16
23	0	1166	10 	50	1	1
23	0	1167	1 	2	1	25
23	0	1167	2 	6	1	13
23	0	1167	3 	7	1	25
23	0	1167	4 	10	1	23
23	0	1167	5 	8	1	20
23	0	1167	6 	56	1	20
23	0	1167	7 	61	1	9
23	0	1168	1 	9	0	30
23	0	1168	2 	5	0	25
23	0	1168	3 	1	0	5
23	0	1168	4 	20	0	5
23	0	1168	5 	23	0	10
23	0	1168	6 	51	0	5
23	0	1168	7 	42	0	25
23	0	1168	8 	63	0	2
23	0	1168	9 	48	0	5
23	0	1168	10 	46	0	25
23	0	1174	1 	6	1	25
23	0	1174	2 	1	1	20
23	0	1174	3 	15	1	25
23	0	1174	4 	20	1	20
23	0	1174	5 	28	1	25
23	0	1177	1 	4	1	25
23	0	1177	2 	50	1	36
23	0	1177	3 	10	1	25
23	0	1177	4 	36	1	25
23	0	1177	5 	54	1	15
23	0	1177	6 	55	1	5
23	0	1177	7 	47	1	5
23	0	1177	8 	62	1	10
23	0	1177	9 	62	0	15
23	0	1177	10 	33	1	10
23	0	1178	1 	2	1	43
23	0	1178	2 	6	1	25
23	0	1178	3 	46	1	25
23	0	1178	4 	46	0	25
23	0	1178	5 	64	1	10
23	0	1179	1 	32	0	25
23	0	1179	2 	6	0	45
23	0	1179	3 	1	0	10
23	0	1179	4 	27	0	15
23	0	1179	5 	5	0	15
23	0	1179	6 	38	0	25
23	0	1179	7 	47	0	5
23	0	1179	8 	55	0	10
23	0	1179	9 	62	0	25
23	0	1179	10 	63	0	5
23	0	1180	1 	6	0	20
23	0	1180	2 	10	0	10
23	0	1180	3 	14	0	18
23	0	1180	4 	74	0	7
23	0	1180	5 	23	0	15
23	0	1180	6 	32	0	10
23	0	1180	7 	28	0	36
23	0	1180	8 	43	0	15
23	0	1180	9 	58	0	15
23	0	1180	10 	62	0	30
23	0	1181	1 	6	0	32
23	0	1181	2 	13	0	26
23	0	1181	3 	5	0	5
23	0	1181	4 	3	0	10
23	0	1181	5 	32	0	30
23	0	1181	6 	41	0	5
23	0	1181	7 	51	1	15
23	0	1181	8 	51	0	18
23	0	1181	9 	55	0	1
23	0	1183	1 	8	1	30
23	0	1183	2 	23	1	10
23	0	1183	3 	32	1	20
23	0	1183	4 	33	1	34
23	0	1183	5 	45	1	25
23	0	1183	6 	47	1	10
23	0	1183	7 	55	1	15
23	0	1183	8 	62	1	11
23	0	1184	1 	3	0	30
23	0	1184	2 	29	0	35
23	0	1184	3 	27	0	25
23	0	1184	4 	41	0	25
23	0	1184	5 	31	0	8
23	0	1184	6 	67	0	5
23	0	1184	7 	62	0	5
23	0	1184	8 	38	0	5
23	0	1184	9 	56	0	5
23	0	1184	10 	55	0	5
23	0	1185	1 	9	1	25
23	0	1185	2 	18	1	45
23	0	1185	3 	68	1	13
23	0	1185	4 	5	1	16
23	0	1185	5 	7	1	7
23	0	1185	6 	54	1	5
23	0	1185	7 	72	1	5
23	0	1185	8 	29	1	25
23	0	1185	9 	43	1	13
23	0	1185	10 	48	1	25
23	0	1186	1 	2	0	30
23	0	1186	2 	9	0	31
23	0	1186	3 	3	0	20
23	0	1186	4 	58	0	22
23	0	1186	5 	54	0	25
23	0	1187	1 	6	1	30
23	0	1187	2 	14	1	20
23	0	1187	3 	18	1	25
23	0	1187	4 	72	1	16
23	0	1187	5 	27	0	5
23	0	1187	6 	27	1	10
23	0	1187	7 	35	1	25
23	0	1187	8 	33	1	25
23	0	1187	9 	38	1	25
23	0	1187	10 	56	1	11
23	0	1188	1 	12	1	25
23	0	1188	2 	4	1	10
23	0	1188	3 	17	1	25
23	0	1188	4 	32	1	33
23	0	1188	5 	50	1	25
23	0	1188	6 	56	1	17
23	0	1188	7 	53	1	25
23	0	1190	1 	6	1	35
23	0	1190	2 	12	1	20
23	0	1190	3 	23	1	25
23	0	1190	4 	71	1	5
23	0	1190	5 	38	1	15
23	0	1190	6 	33	1	25
23	0	1190	7 	43	1	10
23	0	1190	8 	51	1	10
23	0	1190	9 	56	1	19
23	0	1190	10 	67	1	5
23	0	1191	1 	11	0	20
23	0	1191	2 	10	0	20
23	0	1191	3 	13	0	20
23	0	1191	4 	1	0	20
23	0	1191	5 	5	0	20
23	0	1191	6 	29	0	25
23	0	1191	7 	48	0	25
23	0	1191	8 	55	0	7
23	0	1191	9 	67	0	1
23	0	1192	1 	6	1	45
23	0	1192	2 	31	1	30
23	0	1192	3 	35	1	30
23	0	1193	1 	11	0	25
23	0	1193	2 	13	0	5
23	0	1193	3 	5	0	25
23	0	1193	4 	54	0	5
23	0	1193	5 	28	0	5
23	0	1193	6 	52	0	5
23	0	1193	7 	33	0	5
23	0	1193	8 	62	0	21
23	0	1193	9 	38	0	51
23	0	1193	10 	45	0	25
23	0	1195	1 	6	1	33
23	0	1195	2 	10	1	25
23	0	1195	3 	21	1	10
23	0	1195	4 	23	1	25
23	0	1195	5 	62	1	5
23	0	1195	6 	61	1	20
23	0	1195	7 	41	1	7
23	0	1195	8 	45	1	5
23	0	1195	9 	39	1	25
23	0	1195	10 	56	1	10
23	0	1196	1 	2	0	25
23	0	1196	2 	17	0	25
23	0	1196	3 	21	0	16
23	0	1196	4 	23	0	10
23	0	1196	5 	56	0	25
23	0	1196	6 	3	0	20
23	0	1196	7 	35	0	10
23	0	1196	8 	41	0	25
23	0	1196	9 	45	0	5
23	0	1196	10 	62	0	15
23	0	1197	1 	10	1	31
23	0	1197	2 	17	1	20
23	0	1197	3 	38	1	20
23	0	1197	4 	50	1	36
23	0	1197	5 	56	1	25
23	0	1197	6 	53	1	15
23	0	1198	1 	2	1	39
23	0	1198	2 	3	1	30
23	0	1198	3 	31	1	22
23	0	1198	4 	2	0	10
23	0	1198	5 	42	1	19
23	0	1198	6 	56	1	15
23	0	1198	7 	7	1	1
23	0	1198	8 	55	1	8
23	0	1199	1 	6	1	40
23	0	1199	2 	71	1	2
23	0	1199	3 	20	1	15
23	0	1199	4 	18	1	25
23	0	1199	5 	55	0	1
23	0	1199	6 	33	1	10
23	0	1199	7 	39	1	5
23	0	1199	8 	46	1	25
23	0	1199	9 	53	1	20
23	0	1199	10 	56	1	10
23	0	1200	1 	3	0	25
23	0	1200	2 	54	0	5
23	0	1200	3 	5	0	25
23	0	1200	4 	23	0	20
23	0	1200	5 	67	0	1
23	0	1200	6 	45	0	15
23	0	1200	7 	29	0	45
23	0	1200	8 	62	0	20
23	0	1200	9 	37	0	5
23	0	1200	10 	41	0	5
23	0	1202	1 	3	0	25
23	0	1202	2 	17	0	25
23	0	1202	3 	26	0	25
23	0	1202	4 	41	0	39
23	0	1202	5 	45	0	20
23	0	1202	6 	62	0	12
23	0	1202	7 	67	0	6
23	0	1203	1 	12	1	25
23	0	1203	2 	18	1	10
23	0	1203	3 	20	1	30
23	0	1203	4 	23	1	30
23	0	1203	5 	32	1	15
23	0	1203	6 	42	1	1
23	0	1204	1 	2	0	39
23	0	1204	2 	3	0	20
23	0	1204	3 	18	0	15
23	0	1204	4 	5	0	25
23	0	1204	5 	31	0	5
23	0	1204	6 	38	0	15
23	0	1204	7 	62	0	14
23	0	1204	8 	55	0	10
23	0	1205	1 	2	1	46
23	0	1205	2 	11	1	10
23	0	1205	3 	5	1	10
23	0	1205	4 	3	0	5
23	0	1206	1 	6	1	25
23	0	1206	2 	20	1	15
23	0	1206	3 	62	1	5
23	0	1206	4 	18	1	25
23	0	1206	5 	31	1	21
23	0	1206	6 	33	1	25
23	0	1206	7 	39	1	25
23	0	1206	8 	38	1	25
23	0	1206	9 	46	1	5
23	0	1206	10 	67	1	5
23	0	1207	1 	10	1	25
23	0	1207	2 	7	1	25
23	0	1207	3 	56	1	45
23	0	1207	4 	18	1	25
23	0	1207	5 	28	1	5
23	0	1207	6 	50	1	5
23	0	1207	7 	54	1	5
23	0	1207	8 	3	1	10
23	0	1207	9 	38	1	27
23	0	1207	10 	39	1	11
23	0	1208	1 	11	0	32
23	0	1208	2 	2	1	20
23	0	1208	3 	63	0	10
23	0	1208	4 	23	0	20
23	0	1208	5 	26	0	20
23	0	1208	6 	58	0	5
23	0	1208	7 	35	1	12
23	0	1208	8 	41	0	25
23	0	1208	9 	46	0	10
23	0	1208	10 	55	0	13
23	0	1209	1 	4	1	31
23	0	1209	2 	6	1	10
23	0	1209	3 	10	1	25
23	0	1209	4 	18	1	15
23	0	1209	5 	8	1	20
23	0	1209	6 	23	1	10
23	0	1209	7 	33	1	11
23	0	1209	8 	48	1	6
23	0	1209	9 	53	1	30
23	0	1209	10 	68	1	1
23	0	1210	1 	9	0	22
23	0	1210	2 	3	0	24
23	0	1210	3 	20	0	10
23	0	1210	4 	26	0	25
23	0	1210	5 	29	0	36
23	0	1210	6 	54	0	5
23	0	1210	7 	38	1	25
23	0	1210	8 	62	0	19
23	0	1210	9 	58	1	5
23	0	1211	1 	1	1	20
23	0	1211	2 	18	1	25
23	0	1211	3 	32	1	25
23	0	1211	4 	36	1	10
23	0	1211	5 	38	1	17
23	0	1211	6 	35	0	10
23	0	1211	7 	51	1	5
23	0	1211	8 	53	1	42
23	0	1212	1 	2	1	25
23	0	1212	2 	5	1	25
23	0	1212	3 	43	1	25
23	0	1212	4 	26	0	33
23	0	1212	5 	31	1	20
23	0	1212	6 	35	1	15
23	0	1213	1 	1	0	43
23	0	1213	2 	47	0	10
23	0	1213	3 	35	0	25
23	0	1214	1 	1	1	35
23	0	1214	2 	35	1	19
23	0	1215	1 	3	0	20
23	0	1215	2 	10	0	15
23	0	1215	3 	13	0	25
23	0	1215	4 	14	0	25
23	0	1215	5 	35	0	10
23	0	1215	6 	45	0	25
23	0	1215	7 	48	0	25
23	0	1215	8 	61	0	7
23	0	1215	9 	62	0	10
23	0	1216	1 	8	1	30
23	0	1216	2 	42	1	25
23	0	1216	4 	29	1	20
23	0	1216	5 	34	1	30
23	0	1216	6 	8	0	5
23	0	1216	7 	58	1	25
23	0	1216	8 	55	0	11
23	0	1217	1 	10	1	25
23	0	1217	2 	7	1	25
23	0	1217	3 	18	1	25
23	0	1217	4 	23	1	15
23	0	1217	5 	29	1	10
23	0	1217	6 	58	1	4
23	0	1217	7 	38	1	25
23	0	1217	8 	53	1	21
23	0	1217	9 	55	0	4
23	0	1217	10 	68	1	5
23	0	1218	1 	2	1	25
23	0	1218	2 	5	1	15
23	0	1218	3 	18	1	15
23	0	1218	4 	48	1	25
23	0	1218	5 	29	1	25
23	0	1218	6 	34	1	10
23	0	1218	7 	31	1	25
23	0	1218	8 	55	1	7
23	0	1218	9 	58	1	4
23	0	1218	10 	61	1	16
23	0	1219	1 	7	1	25
23	0	1219	2 	20	1	25
23	0	1219	3 	23	1	27
23	0	1219	4 	30	1	20
23	0	1219	5 	42	1	20
23	0	1219	6 	38	1	25
23	0	1219	7 	45	1	20
23	0	1219	8 	56	1	20
23	0	1220	1 	3	0	20
23	0	1220	2 	13	0	20
23	0	1220	3 	1	0	35
23	0	1220	4 	23	0	20
23	0	1220	5 	32	0	20
23	0	1220	6 	46	0	20
23	0	1220	7 	53	0	20
23	0	1220	8 	55	0	1
23	0	1220	9 	62	0	3
23	0	1221	1 	6	1	20
23	0	1221	2 	14	1	31
23	0	1221	3 	20	1	5
23	0	1221	4 	27	1	5
23	0	1221	5 	12	1	25
23	0	1221	6 	37	1	25
23	0	1221	7 	43	1	5
23	0	1221	8 	63	1	6
23	0	1221	9 	69	1	26
23	0	1221	10 	62	1	4
23	0	1222	1 	9	0	36
23	0	1222	2 	48	0	15
23	0	1222	3 	13	0	5
23	0	1222	4 	20	0	10
23	0	1222	5 	26	0	25
23	0	1222	6 	61	0	9
23	0	1222	7 	5	0	15
23	0	1222	8 	39	0	10
23	0	1222	9 	35	1	10
23	0	1222	10 	45	0	25
23	0	1223	1 	6	1	25
23	0	1223	2 	47	1	25
23	0	1223	3 	18	1	15
23	0	1223	4 	28	1	18
23	0	1223	5 	43	1	10
23	0	1223	6 	33	1	48
23	0	1223	7 	54	1	5
23	0	1223	8 	48	1	5
23	0	1223	9 	56	1	20
23	0	1223	10 	68	1	1
23	0	1225	1 	10	1	25
23	0	1225	2 	7	1	25
23	0	1225	3 	67	1	26
23	0	1225	4 	38	1	27
23	0	1225	5 	18	1	25
23	0	1225	6 	56	1	25
23	0	1225	7 	33	1	10
23	0	1225	8 	53	1	5
23	0	1225	9 	39	1	5
23	0	1225	10 	51	1	5
23	0	1226	1 	2	1	27
23	0	1226	2 	2	0	10
23	0	1226	3 	23	1	10
23	0	1226	4 	26	0	14
23	0	1226	5 	28	1	28
23	0	1226	6 	39	1	15
23	0	1227	1 	11	0	30
23	0	1227	2 	1	0	20
23	0	1227	3 	17	0	16
23	0	1227	4 	72	0	10
23	0	1227	5 	28	0	25
23	0	1227	6 	62	0	1
23	0	1227	7 	47	0	22
23	0	1227	8 	55	0	33
23	0	1227	9 	39	0	5
23	0	1227	10 	56	0	5
23	0	1228	1 	10	1	35
23	0	1228	2 	4	1	15
23	0	1228	3 	23	1	7
23	0	1228	4 	18	1	25
23	0	1228	5 	32	1	20
23	0	1228	6 	62	1	5
23	0	1228	7 	41	1	25
23	0	1228	8 	39	1	25
23	0	1228	9 	60	1	5
23	0	1228	10 	64	1	5
23	0	1229	1 	9	1	20
23	0	1229	2 	2	1	15
23	0	1229	3 	14	0	25
23	0	1229	4 	18	0	20
23	0	1229	5 	36	1	20
23	0	1229	6 	35	0	15
23	0	1229	7 	47	0	25
23	0	1229	8 	53	0	9
23	0	1229	9 	61	0	1
23	0	1231	1 	30	1	30
23	0	1231	2 	68	1	10
23	0	1231	3 	23	1	5
23	0	1231	4 	29	1	10
23	0	1231	5 	45	1	5
23	0	1231	6 	7	1	15
23	0	1231	7 	6	1	25
23	0	1231	8 	39	1	25
23	0	1231	9 	38	1	25
23	0	1231	10 	35	1	25
23	0	1232	1 	11	1	25
23	0	1232	2 	10	1	25
23	0	1232	3 	6	1	20
23	0	1232	4 	18	1	20
23	0	1232	5 	36	1	25
23	0	1232	6 	35	1	20
23	0	1232	7 	47	1	5
23	0	1232	8 	53	1	15
23	0	1232	9 	61	1	1
23	0	1233	1 	7	1	30
23	0	1233	2 	4	1	28
23	0	1233	3 	10	1	21
23	0	1233	4 	10	0	23
23	0	1233	5 	51	1	5
23	0	1236	1 	7	1	30
23	0	1236	2 	18	1	25
23	0	1236	3 	28	1	5
23	0	1236	4 	33	1	38
23	0	1236	5 	73	1	5
23	0	1236	6 	32	1	25
23	0	1236	7 	47	1	5
23	0	1236	8 	50	1	5
23	0	1236	9 	53	1	25
23	0	1236	10 	56	1	5
23	0	1237	1 	9	1	30
23	0	1237	2 	18	1	15
23	0	1237	3 	75	1	10
23	0	1237	4 	36	1	25
23	0	1237	5 	34	1	15
23	0	1237	6 	35	1	5
23	0	1237	7 	31	1	19
23	0	1237	8 	38	1	5
23	0	1237	9 	51	1	25
23	0	1237	10 	53	1	25
23	0	1238	1 	6	0	31
23	0	1238	2 	20	0	30
23	0	1238	3 	42	0	23
23	0	1238	4 	48	0	20
23	0	1238	5 	63	0	7
23	0	1243	1 	3	1	15
23	0	1243	2 	35	0	12
23	0	1243	3 	18	1	34
23	0	1243	4 	10	1	25
23	0	1243	5 	6	1	15
23	0	1243	6 	27	1	10
23	0	1243	7 	38	1	25
23	0	1243	8 	60	1	5
23	0	1243	9 	54	1	5
23	0	1243	10 	51	1	25
23	0	1244	1 	4	1	30
23	0	1244	2 	13	1	30
23	0	1244	3 	42	1	20
23	0	1244	4 	46	1	20
23	0	1244	5 	12	1	15
23	0	1244	6 	8	1	5
23	0	1245	1 	9	1	39
23	0	1245	2 	8	1	10
23	0	1245	3 	37	1	15
23	0	1245	4 	74	1	3
23	0	1245	5 	31	1	15
23	0	1245	6 	55	1	10
23	0	1245	7 	34	1	25
23	0	1245	8 	28	1	5
23	0	1245	9 	48	1	25
23	0	1245	10 	39	1	15
23	0	1246	1 	10	1	33
23	0	1246	2 	1	1	20
23	0	1246	3 	30	1	10
23	0	1246	4 	31	1	10
23	0	1246	5 	27	1	20
23	0	1246	6 	45	1	25
23	0	1246	7 	28	1	5
23	0	1246	8 	38	1	15
23	0	1246	9 	67	1	18
23	0	1246	10 	55	1	20
23	0	1247	1 	6	0	20
23	0	1247	2 	13	1	25
23	0	1247	3 	23	1	43
23	0	1247	4 	31	1	20
23	0	1247	5 	41	1	20
23	0	1248	1 	3	1	30
23	0	1248	2 	10	1	25
23	0	1248	3 	4	1	15
23	0	1248	4 	26	1	5
23	0	1248	5 	36	1	25
23	0	1248	6 	46	1	5
23	0	1248	7 	54	1	20
23	0	1248	8 	61	1	25
23	0	1249	1 	8	1	25
23	0	1249	2 	8	0	5
23	0	1249	3 	26	1	25
23	0	1249	4 	31	1	5
23	0	1249	5 	58	1	25
23	0	1249	6 	42	1	30
23	0	1249	7 	56	1	5
23	0	1249	8 	53	1	5
23	0	1249	9 	48	1	5
23	0	1249	10 	68	1	13
23	0	1250	1 	10	1	36
23	0	1250	2 	7	1	20
23	0	1250	3 	8	1	18
23	0	1250	4 	30	1	15
23	0	1250	5 	3	1	20
23	0	1250	6 	41	1	25
23	0	1250	7 	46	1	19
23	0	1250	8 	48	1	10
23	0	1251	1 	10	1	30
23	0	1251	2 	4	1	25
23	0	1251	3 	18	1	20
23	0	1251	4 	31	1	15
23	0	1251	5 	42	1	15
23	0	1251	6 	53	1	15
23	0	1251	7 	64	1	5
23	0	1253	1 	3	0	20
23	0	1253	2 	1	0	20
23	0	1253	3 	22	0	25
23	0	1253	4 	62	0	23
23	0	1253	5 	35	0	25
23	0	1253	6 	27	0	25
23	0	1253	7 	47	0	20
23	0	1253	8 	39	0	5
23	0	1253	9 	41	0	5
23	0	1253	10 	72	0	1
23	0	1254	1 	72	1	15
23	0	1254	2 	12	1	10
23	0	1254	3 	5	1	15
23	0	1254	4 	62	1	1
23	0	1254	5 	77	1	10
23	0	1254	6 	14	1	5
23	0	1254	7 	7	1	15
23	0	1254	8 	41	1	45
23	0	1254	9 	30	1	25
23	0	1254	10 	38	1	25
23	0	1255	1 	3	1	25
23	0	1255	2 	20	1	10
23	0	1255	3 	62	0	10
23	0	1255	4 	23	1	25
23	0	1255	5 	50	1	36
23	0	1255	6 	29	1	20
23	0	1255	7 	61	1	5
23	0	1255	8 	33	1	11
23	0	1255	9 	62	1	1
23	0	1255	10 	39	1	25
23	0	1257	1 	9	1	25
23	0	1257	2 	62	0	10
23	0	1257	3 	7	1	5
23	0	1257	4 	48	1	7
23	0	1257	5 	18	1	25
23	0	1257	6 	31	1	21
23	0	1257	7 	12	1	10
23	0	1257	8 	32	1	20
23	0	1257	9 	38	1	10
23	0	1257	10 	53	1	39
23	0	1258	1 	2	1	27
23	0	1258	2 	6	1	25
23	0	1258	3 	20	1	43
23	0	1258	4 	18	1	25
23	0	1258	5 	50	1	5
23	0	1258	6 	47	1	5
23	0	1258	7 	62	1	5
23	0	1258	8 	35	1	5
23	0	1258	9 	46	1	10
23	0	1258	10 	53	1	5
23	0	1259	1 	12	1	25
23	0	1259	2 	13	1	20
23	0	1259	3 	17	1	25
23	0	1259	4 	18	1	10
23	0	1259	5 	32	1	10
23	0	1259	6 	74	1	10
23	0	1259	7 	33	1	25
23	0	1259	8 	56	1	34
23	0	1259	9 	45	1	5
23	0	1259	10 	46	1	15
23	0	1260	1 	6	0	20
23	0	1260	2 	13	0	5
23	0	1260	3 	51	0	15
23	0	1260	4 	17	0	25
23	0	1260	5 	56	0	15
23	0	1260	6 	74	0	2
23	0	1260	7 	26	0	45
23	0	1260	8 	62	0	10
23	0	1260	9 	35	0	10
23	0	1260	10 	45	0	15
23	0	1261	1 	2	1	25
23	0	1261	2 	2	0	12
23	0	1261	3 	11	1	25
23	0	1261	4 	6	1	25
23	0	1261	5 	37	1	39
23	0	1261	6 	33	1	15
23	0	1261	7 	46	1	10
23	0	1261	8 	19	1	20
23	0	1261	9 	47	1	5
23	0	1261	10 	63	1	5
23	0	1268	1 	5	0	25
23	0	1268	2 	6	0	10
23	0	1268	3 	15	0	5
23	0	1268	4 	31	0	25
23	0	1268	5 	28	0	25
23	0	1268	6 	42	0	30
23	0	1268	7 	38	0	5
23	0	1268	8 	46	0	5
23	0	1268	9 	55	0	20
23	0	1269	1 	1	1	30
23	0	1269	2 	8	1	15
23	0	1269	3 	62	1	5
23	0	1269	4 	11	1	20
23	0	1269	5 	1	0	10
23	0	1269	6 	4	1	20
23	0	1269	7 	38	1	20
23	0	1269	8 	46	1	25
23	0	1269	9 	58	1	10
23	0	1269	10 	55	1	13
23	0	1270	1 	4	0	25
23	0	1270	2 	4	1	25
23	0	1270	3 	6	1	15
23	0	1270	4 	12	1	25
23	0	1270	5 	37	1	25
23	0	1270	6 	35	0	5
23	0	1271	1 	5	0	50
23	0	1271	2 	2	0	15
23	0	1271	3 	69	0	5
23	0	1271	4 	28	0	15
23	0	1271	5 	32	0	10
23	0	1271	6 	63	0	10
23	0	1271	7 	38	0	5
23	0	1271	8 	39	0	5
23	0	1271	9 	47	0	15
23	0	1271	10 	56	0	8
23	0	1272	1 	1	0	30
23	0	1272	2 	68	0	1
23	0	1272	3 	5	0	25
23	0	1272	4 	60	0	19
23	0	1272	5 	24	0	10
23	0	1272	6 	40	0	37
23	0	1272	7 	44	0	10
23	0	1272	8 	49	0	25
23	0	1272	9 	54	0	5
23	0	1272	10 	55	0	10
23	0	1273	1 	6	1	30
23	0	1273	2 	11	1	30
23	0	1273	3 	18	1	30
23	0	1273	4 	33	1	15
23	0	1273	5 	55	1	10
23	0	1273	6 	53	1	14
23	0	1274	1 	1	0	20
23	0	1274	2 	56	0	15
23	0	1274	3 	5	0	15
23	0	1274	4 	22	0	37
23	0	1274	5 	23	0	15
23	0	1274	6 	71	0	1
23	0	1274	7 	52	0	25
23	0	1274	8 	62	0	10
23	0	1274	9 	38	0	25
23	0	1274	10 	47	0	10
23	0	1275	1 	41	1	41
23	0	1275	2 	11	1	25
23	0	1275	3 	8	1	20
23	0	1275	4 	68	1	2
23	0	1275	5 	46	1	17
23	0	1275	6 	56	0	20
23	0	1275	7 	29	1	15
23	0	1275	8 	62	0	10
23	0	1275	9 	54	1	5
23	0	1275	10 	5	1	10
23	0	1277	1 	6	0	25
23	0	1277	2 	5	0	15
23	0	1277	3 	74	0	17
23	0	1277	4 	51	0	25
23	0	1277	5 	7	0	25
23	0	1277	6 	72	0	5
23	0	1277	7 	38	0	25
23	0	1277	8 	3	0	10
23	0	1277	9 	54	0	25
23	0	1277	10 	55	0	5
23	0	1278	1 	3	1	30
23	0	1278	2 	10	1	27
23	0	1278	3 	8	1	20
23	0	1278	4 	31	1	19
23	0	1278	5 	41	1	20
23	0	1279	1 	6	0	36
23	0	1279	2 	26	0	25
23	0	1279	3 	29	0	25
23	0	1279	4 	52	0	4
23	0	1279	5 	35	0	5
23	0	1279	6 	62	0	15
23	0	1279	7 	47	0	10
23	0	1279	8 	50	0	15
23	0	1279	9 	55	0	5
23	0	1279	10 	56	0	25
23	0	1282	1 	2	0	25
23	0	1282	2 	63	0	1
23	0	1282	3 	62	0	10
23	0	1282	4 	20	0	10
23	0	1282	5 	5	0	15
23	0	1282	6 	7	0	10
23	0	1282	7 	30	0	25
23	0	1282	8 	29	0	25
23	0	1282	9 	38	0	33
23	0	1282	10 	72	0	16
23	0	1283	1 	11	1	25
23	0	1283	2 	14	1	10
23	0	1283	3 	29	1	20
23	0	1283	4 	74	1	5
23	0	1283	5 	31	1	20
23	0	1283	6 	33	1	20
23	0	1283	7 	39	1	38
23	0	1283	8 	48	1	15
23	0	1283	9 	53	1	20
23	0	1283	10 	62	1	5
23	0	1284	1 	7	0	20
23	0	1284	2 	3	0	30
23	0	1284	3 	20	0	15
23	0	1284	4 	23	0	10
23	0	1284	5 	37	0	25
23	0	1284	6 	39	0	5
23	0	1284	7 	41	0	25
23	0	1284	8 	47	0	30
23	0	1285	1 	1	1	36
23	0	1285	2 	21	1	10
23	0	1285	3 	33	1	25
23	0	1285	4 	29	1	25
23	0	1285	5 	31	1	15
23	0	1285	6 	74	1	1
23	0	1285	7 	54	1	25
23	0	1285	8 	55	1	5
23	0	1285	9 	51	1	4
23	0	1285	10 	72	1	25
23	0	1286	1 	11	1	39
23	0	1286	2 	7	1	25
23	0	1286	3 	38	1	25
23	0	1286	4 	54	1	25
23	0	1286	5 	51	1	25
23	0	1286	6 	74	1	13
23	0	1287	1 	6	1	10
23	0	1287	2 	33	1	5
23	0	1287	3 	13	1	15
23	0	1287	4 	56	1	10
23	0	1287	5 	18	1	30
23	0	1287	6 	53	1	25
23	0	1287	7 	17	1	25
23	0	1287	8 	7	1	7
23	0	1287	9 	61	1	5
23	0	1287	10 	29	1	25
23	0	1288	1 	2	1	36
23	0	1288	2 	8	1	15
23	0	1288	3 	18	1	25
23	0	1288	4 	23	1	10
23	0	1288	5 	5	1	10
23	0	1288	6 	6	1	10
23	0	1288	7 	62	1	15
23	0	1289	1 	2	1	30
23	0	1289	2 	13	1	15
23	0	1289	3 	18	1	25
23	0	1289	4 	60	1	1
23	0	1289	5 	26	0	5
23	0	1289	6 	5	0	25
23	0	1289	7 	32	1	15
23	0	1289	8 	38	1	20
23	0	1289	9 	46	1	10
23	0	1289	10 	35	0	11
23	0	1290	1 	6	1	30
23	0	1290	2 	18	1	25
23	0	1290	3 	3	0	5
23	0	1290	4 	37	1	25
23	0	1290	5 	7	1	25
23	0	1290	6 	7	0	5
23	0	1290	7 	38	1	25
23	0	1290	8 	48	1	25
23	0	1290	9 	72	1	4
23	0	1291	1 	4	1	48
23	0	1291	2 	41	1	25
23	0	1291	3 	53	1	25
23	0	1293	1 	2	1	25
23	0	1293	2 	1	1	20
23	0	1293	3 	5	1	25
23	0	1293	4 	22	1	10
23	0	1293	5 	26	0	15
23	0	1293	6 	31	1	20
23	0	1293	7 	33	1	5
23	0	1293	8 	38	1	5
23	0	1293	9 	45	1	9
23	0	1293	10 	46	1	37
23	0	1294	1 	3	0	30
23	0	1294	2 	1	0	5
23	0	1294	3 	9	0	20
23	0	1294	4 	42	0	5
23	0	1294	5 	46	0	5
23	0	1294	6 	61	0	5
23	0	1295	1 	12	1	18
23	0	1295	2 	33	1	38
23	0	1295	3 	13	1	25
23	0	1295	4 	29	1	15
23	0	1295	5 	17	1	25
23	0	1295	6 	28	1	25
23	0	1295	7 	47	1	20
23	0	1295	8 	45	1	5
23	0	1295	9 	62	1	5
23	0	1295	10 	35	0	5
23	0	1296	1 	6	1	10
23	0	1296	2 	2	1	10
23	0	1296	3 	54	1	25
23	0	1296	4 	58	1	5
23	0	1296	5 	10	1	10
23	0	1296	6 	22	1	25
23	0	1296	7 	8	1	20
23	0	1296	8 	53	1	25
23	0	1296	9 	38	1	17
23	0	1296	10 	39	1	25
23	0	1297	1 	7	1	30
23	0	1297	2 	55	1	5
23	0	1297	3 	5	1	10
23	0	1297	4 	35	0	10
23	0	1297	5 	30	1	16
23	0	1297	6 	33	1	10
23	0	1297	7 	38	1	25
23	0	1297	8 	67	1	5
23	0	1297	9 	53	1	45
23	0	1297	10 	39	1	5
23	0	1299	1 	6	0	15
23	0	1299	2 	3	0	5
23	0	1299	3 	14	0	25
23	0	1299	4 	5	0	40
23	0	1299	5 	28	1	10
23	0	1299	6 	31	1	10
23	0	1299	7 	48	0	5
23	0	1300	1 	4	1	20
23	0	1300	3 	10	1	20
23	0	1300	4 	36	1	25
23	0	1300	5 	29	1	10
23	0	1300	6 	35	0	10
23	0	1300	7 	41	1	25
23	0	1300	8 	39	1	25
23	0	1300	9 	53	1	5
23	0	1300	10 	55	1	23
23	0	1301	1 	6	0	25
23	0	1301	2 	19	0	15
23	0	1301	3 	58	0	5
23	0	1301	4 	55	0	20
23	0	1301	5 	8	0	25
23	0	1301	6 	11	0	11
23	0	1301	7 	26	0	39
23	0	1301	8 	62	0	10
23	0	1301	9 	72	0	5
23	0	1301	10 	45	0	15
23	0	1302	1 	10	1	25
23	0	1302	2 	12	1	15
23	0	1302	3 	22	1	20
23	0	1302	4 	27	1	30
23	0	1302	5 	62	1	9
23	0	1302	6 	42	1	15
23	0	1302	7 	50	1	25
23	0	1302	8 	53	1	10
23	0	1303	1 	2	1	42
23	0	1303	2 	17	1	25
23	0	1303	3 	3	1	10
23	0	1303	4 	32	1	15
23	0	1303	5 	38	1	10
23	0	1303	6 	43	1	25
23	0	1303	7 	58	1	16
23	0	1304	1 	3	0	20
23	0	1304	2 	11	0	20
23	0	1304	3 	5	0	28
23	0	1304	4 	10	0	15
23	0	1304	5 	26	0	24
23	0	1304	6 	36	0	5
23	0	1304	7 	9	0	20
23	0	1304	8 	46	0	25
23	0	1305	1 	2	1	25
23	0	1305	2 	11	1	25
23	0	1305	3 	62	1	1
23	0	1305	4 	31	1	15
23	0	1305	5 	28	1	11
23	0	1305	6 	38	1	20
23	0	1305	7 	68	1	5
23	0	1305	8 	45	1	41
23	0	1305	9 	70	1	1
23	0	1305	10 	63	1	25
23	0	1307	1 	6	0	30
23	0	1307	2 	2	0	30
23	0	1307	3 	23	0	5
23	0	1307	4 	21	0	30
23	0	1308	1 	10	1	25
23	0	1308	2 	18	1	33
23	0	1308	3 	29	1	25
23	0	1308	4 	7	1	25
23	0	1308	5 	62	1	5
23	0	1308	6 	34	1	10
23	0	1308	7 	45	0	10
23	0	1308	8 	56	1	20
23	0	1308	9 	72	1	5
23	0	1308	10 	63	1	5
23	0	1310	1 	3	0	31
23	0	1310	2 	3	1	25
23	0	1310	3 	9	1	15
23	0	1310	4 	7	1	22
23	0	1311	1 	3	0	25
23	0	1311	2 	11	0	25
23	0	1311	3 	2	0	30
23	0	1311	4 	29	0	41
23	0	1311	5 	38	0	10
23	0	1311	6 	45	0	10
23	0	1311	7 	50	0	5
23	0	1311	8 	56	0	10
23	0	1311	9 	60	0	8
23	0	1311	10 	68	0	1
23	0	1312	1 	5	1	25
23	0	1312	2 	20	1	15
23	0	1312	3 	18	1	20
23	0	1312	4 	22	1	30
23	0	1312	5 	32	1	20
23	0	1312	6 	33	1	10
23	0	1312	7 	46	1	20
23	0	1312	8 	35	1	1
23	0	1312	9 	48	1	10
23	0	1312	10 	62	0	18
23	0	1313	1 	3	1	25
23	0	1313	2 	8	1	20
23	0	1313	3 	13	1	11
23	0	1313	4 	22	1	25
23	0	1313	5 	47	1	20
23	0	1313	6 	28	1	9
23	0	1313	7 	50	1	25
23	0	1313	8 	45	1	5
23	0	1313	9 	38	1	42
23	0	1313	10 	39	1	5
23	0	1314	1 	6	0	20
23	0	1314	2 	45	0	33
23	0	1314	3 	5	0	25
23	0	1314	4 	71	0	10
23	0	1314	5 	17	0	25
23	0	1314	6 	29	0	20
23	0	1314	7 	31	0	10
23	0	1314	8 	27	0	5
23	0	1314	9 	67	0	3
23	0	1314	10 	35	0	20
23	0	1315	1 	2	1	25
23	0	1315	2 	67	1	7
23	0	1315	3 	8	1	10
23	0	1315	4 	45	0	10
23	0	1315	5 	62	0	1
23	0	1315	6 	58	0	5
23	0	1315	7 	72	1	1
23	0	1315	8 	26	0	43
23	0	1315	9 	29	0	25
23	0	1315	10 	32	1	25
23	0	1318	1 	7	1	30
23	0	1318	2 	18	1	17
23	0	1318	3 	23	1	17
23	0	1318	4 	30	1	20
23	0	1318	5 	10	1	20
23	0	1318	6 	47	1	20
23	0	1319	1 	53	0	10
23	0	1319	2 	11	0	21
23	0	1319	3 	20	0	10
23	0	1319	4 	22	0	43
23	0	1319	5 	26	0	26
23	0	1319	6 	71	0	5
23	0	1319	7 	38	0	23
23	0	1319	8 	56	0	15
23	0	1320	1 	10	1	25
23	0	1320	2 	2	1	25
23	0	1320	3 	60	1	5
23	0	1320	4 	18	1	25
23	0	1320	5 	39	1	5
23	0	1320	6 	35	1	25
23	0	1320	7 	30	1	5
23	0	1320	8 	28	1	28
23	0	1320	9 	71	1	4
23	0	1320	10 	2	0	25
23	0	1321	1 	6	0	20
23	0	1321	2 	22	0	25
23	0	1321	3 	24	0	25
23	0	1321	4 	66	0	25
23	0	1321	5 	76	0	5
23	0	1321	6 	34	0	15
23	0	1321	7 	39	0	25
23	0	1321	8 	37	0	5
23	0	1321	9 	38	0	37
23	0	1321	10 	48	0	5
23	0	1322	1 	2	1	33
23	0	1322	2 	28	1	25
23	0	1322	3 	60	1	29
23	0	1322	4 	30	1	25
23	0	1322	5 	3	1	11
23	0	1322	6 	31	1	10
23	0	1322	7 	74	1	1
23	0	1322	8 	27	1	25
23	0	1322	9 	45	1	5
23	0	1322	10 	43	0	4
23	0	1324	1 	2	1	15
23	0	1324	2 	70	1	1
23	0	1324	3 	9	1	25
23	0	1324	4 	10	1	25
23	0	1324	5 	32	1	15
23	0	1324	6 	53	1	5
23	0	1324	7 	31	1	20
23	0	1324	8 	38	1	10
23	0	1324	9 	54	1	41
23	0	1324	10 	67	1	1
23	0	1325	1 	1	0	32
23	0	1325	2 	6	0	25
23	0	1325	3 	13	0	25
23	0	1325	4 	14	0	5
23	0	1325	5 	28	0	20
23	0	1325	6 	31	0	20
23	0	1325	7 	48	1	5
23	0	1325	8 	53	0	20
23	0	1325	9 	51	0	5
23	0	1326	1 	12	1	25
23	0	1326	2 	13	1	20
23	0	1326	3 	10	1	15
23	0	1326	4 	8	1	20
23	0	1326	5 	45	1	36
23	0	1326	6 	56	1	10
23	0	1326	7 	55	1	25
23	0	1326	8 	58	1	11
23	0	1326	9 	72	1	10
23	0	1327	1 	3	0	41
23	0	1327	2 	68	0	5
23	0	1327	3 	5	0	10
23	0	1327	4 	48	0	5
23	0	1327	5 	9	1	5
23	0	1327	6 	9	0	10
23	0	1327	7 	63	0	10
23	0	1327	8 	11	0	10
23	0	1327	9 	29	0	28
23	0	1327	10 	47	0	20
23	0	1328	1 	2	1	30
23	0	1328	2 	2	0	25
23	0	1328	3 	13	1	10
23	0	1328	4 	14	1	10
23	0	1328	5 	19	1	20
23	0	1328	6 	24	1	15
23	0	1328	7 	46	0	25
23	0	1328	8 	46	1	10
23	0	1329	1 	4	1	30
23	0	1329	2 	18	1	25
23	0	1329	3 	62	1	25
23	0	1329	4 	10	1	25
23	0	1329	5 	29	1	25
23	0	1329	6 	72	1	1
23	0	1329	7 	38	1	15
23	0	1329	8 	50	1	22
23	0	1329	9 	55	1	4
23	0	1330	1 	1	1	30
23	0	1330	2 	64	1	1
23	0	1330	3 	8	1	30
23	0	1330	4 	1	0	12
23	0	1330	5 	21	1	6
23	0	1330	6 	31	1	20
23	0	1330	7 	39	1	20
23	0	1330	8 	56	1	10
23	0	1330	9 	10	1	9
23	0	1331	1 	12	1	30
23	0	1331	2 	29	0	26
23	0	1331	3 	33	1	30
23	0	1331	4 	38	1	5
23	0	1331	5 	43	1	5
23	0	1331	6 	41	1	21
23	0	1332	1 	39	1	43
23	0	1332	2 	10	1	30
23	0	1332	3 	23	1	25
23	0	1332	4 	12	1	11
23	0	1332	5 	61	1	10
23	0	1332	6 	48	1	25
23	0	1332	7 	54	1	10
23	0	1332	8 	21	1	10
23	0	1332	9 	37	1	15
23	0	1332	10 	62	1	2
23	0	1333	1 	6	0	43
23	0	1333	2 	12	0	20
23	0	1333	3 	20	0	10
23	0	1333	4 	3	0	10
23	0	1333	5 	62	0	5
23	0	1333	6 	38	0	10
23	0	1333	7 	46	0	25
23	0	1333	8 	1	0	6
23	0	1333	9 	47	0	20
23	0	1333	10 	60	0	5
23	0	1334	1 	4	1	25
23	0	1334	2 	10	1	25
23	0	1334	3 	27	1	33
23	0	1334	4 	36	1	10
23	0	1334	5 	33	1	15
23	0	1334	6 	61	1	5
23	0	1334	7 	39	1	20
23	0	1334	8 	35	1	1
23	0	1334	9 	56	1	16
23	0	1334	10 	55	1	10
23	0	1335	1 	8	0	26
23	0	1335	2 	60	0	6
23	0	1335	3 	3	0	20
23	0	1335	4 	21	0	25
23	0	1335	5 	62	0	20
23	0	1335	6 	34	0	10
23	0	1335	7 	38	0	10
23	0	1335	8 	41	0	30
23	0	1335	9 	54	0	1
23	0	1335	10 	56	0	20
23	0	1336	1 	1	0	20
23	0	1336	2 	18	0	11
23	0	1336	3 	22	0	27
23	0	1336	4 	7	0	25
23	0	1336	5 	26	0	25
23	0	1336	6 	38	0	25
23	0	1336	7 	51	0	10
23	0	1336	8 	67	0	1
23	0	1336	9 	52	0	8
23	0	1336	10 	71	0	10
23	0	1337	1 	2	0	20
23	0	1337	2 	10	1	20
23	0	1337	3 	13	1	20
23	0	1337	4 	2	1	30
23	0	1337	5 	41	1	15
23	0	1337	6 	46	1	15
23	0	1337	7 	61	1	10
23	0	1337	8 	70	1	10
23	0	1337	9 	74	1	10
23	0	1338	1 	3	0	21
23	0	1338	2 	11	0	10
23	0	1338	3 	29	0	30
23	0	1338	4 	23	0	20
23	0	1338	5 	27	0	25
23	0	1338	6 	56	0	28
23	0	1338	7 	61	0	5
23	0	1338	8 	55	0	5
23	0	1338	9 	67	0	5
23	0	1338	10 	62	0	20
23	0	1339	1 	10	0	30
23	0	1339	2 	18	0	25
23	0	1339	3 	1	0	15
23	0	1339	4 	38	0	25
23	0	1339	5 	60	0	19
23	0	1340	1 	12	1	31
23	0	1340	2 	14	1	25
23	0	1340	3 	62	1	19
23	0	1340	4 	28	1	25
23	0	1340	5 	68	1	1
23	0	1340	6 	31	1	20
23	0	1340	7 	33	1	25
23	0	1340	8 	72	1	3
23	0	1340	9 	35	0	10
23	0	1340	10 	56	1	10
23	0	1343	1 	10	1	27
23	0	1343	2 	4	1	15
23	0	1343	3 	54	1	39
23	0	1343	4 	7	1	25
23	0	1343	5 	67	1	11
23	0	1343	6 	55	1	7
23	0	1343	7 	31	1	10
23	0	1343	8 	32	1	25
23	0	1343	9 	36	1	6
23	0	1343	10 	35	0	10
23	0	1344	1 	7	1	30
23	0	1344	2 	2	1	15
23	0	1344	3 	14	1	1
23	0	1344	4 	18	1	25
23	0	1344	5 	21	1	25
23	0	1344	6 	35	1	20
23	0	1344	7 	47	1	20
23	0	1344	8 	64	1	15
23	0	1344	9 	61	1	5
23	0	1347	1 	2	1	25
23	0	1347	2 	7	1	25
23	0	1347	3 	18	1	26
23	0	1347	4 	28	1	5
23	0	1347	5 	38	1	10
23	0	1347	6 	33	1	5
23	0	1347	7 	27	1	15
23	0	1347	8 	53	1	37
23	0	1347	9 	45	1	25
23	0	1347	10 	56	1	5
23	0	1348	1 	9	0	23
23	0	1348	2 	48	0	20
23	0	1348	3 	13	0	36
23	0	1348	4 	71	0	5
23	0	1348	5 	5	1	15
23	0	1348	6 	31	0	10
23	0	1348	7 	72	0	1
23	0	1348	8 	45	0	25
23	0	1348	9 	62	0	10
23	0	1348	10 	50	0	15
23	0	1349	1 	3	0	25
23	0	1349	2 	67	0	5
23	0	1349	3 	27	0	15
23	0	1349	4 	62	0	24
23	0	1349	5 	41	0	33
23	0	1349	6 	46	0	21
23	0	1349	7 	50	0	10
23	0	1349	8 	35	0	5
23	0	1349	9 	48	0	6
23	0	1349	10 	56	0	5
23	0	1350	1 	5	1	30
23	0	1350	2 	13	1	5
23	0	1350	3 	14	1	8
23	0	1350	4 	60	1	5
23	0	1350	5 	21	1	5
23	0	1350	6 	46	1	21
23	0	1350	7 	26	0	16
23	0	1350	8 	45	0	20
23	0	1350	9 	34	0	15
23	0	1350	10 	31	1	36
23	0	1351	1 	9	1	33
23	0	1351	2 	2	1	25
23	0	1351	3 	18	1	25
23	0	1351	4 	38	1	21
23	0	1351	5 	37	1	27
23	0	1351	6 	48	1	10
23	0	1351	7 	67	1	5
23	0	1352	1 	12	0	15
23	0	1352	2 	11	0	31
23	0	1352	3 	20	0	36
23	0	1352	4 	33	0	25
23	0	1352	5 	38	1	10
23	0	1352	6 	38	0	20
23	0	1352	7 	56	0	17
23	0	1353	1 	7	1	25
23	0	1353	2 	18	1	30
23	0	1353	3 	38	1	25
23	0	1353	4 	6	1	15
23	0	1353	5 	29	1	15
23	0	1353	6 	5	0	15
23	0	1353	7 	55	1	25
23	0	1353	8 	61	1	5
23	0	1353	9 	67	1	17
23	0	1353	10 	37	1	5
23	0	1356	1 	8	1	20
23	0	1356	2 	38	1	25
23	0	1356	3 	73	1	12
23	0	1356	4 	5	1	10
23	0	1356	5 	18	1	10
23	0	1356	6 	72	1	1
23	0	1356	7 	34	1	6
23	0	1356	8 	58	1	25
23	0	1356	9 	13	1	48
23	0	1356	10 	53	1	25
23	0	1357	1 	11	0	30
23	0	1357	2 	13	1	10
23	0	1357	3 	18	1	30
23	0	1358	1 	12	0	21
23	0	1358	2 	22	0	25
23	0	1358	3 	62	0	24
23	0	1358	4 	27	0	25
23	0	1358	5 	35	0	5
23	0	1358	6 	42	0	10
23	0	1358	7 	41	0	25
23	0	1358	8 	72	0	5
23	0	1358	9 	39	0	25
23	0	1358	10 	50	0	5
23	0	1361	1 	5	1	33
23	0	1361	2 	13	1	5
23	0	1361	3 	67	0	1
23	0	1361	4 	20	0	5
23	0	1361	5 	5	0	25
23	0	1361	7 	31	1	15
23	0	1361	8 	46	0	25
23	0	1361	9 	47	0	25
23	0	1361	10 	55	0	5
23	0	1362	1 	11	1	30
23	0	1362	2 	20	0	20
23	0	1362	3 	42	1	35
23	0	1363	1 	9	1	41
23	0	1363	2 	3	1	25
23	0	1363	3 	8	1	24
23	0	1364	1 	10	1	32
23	0	1364	2 	18	1	30
23	0	1364	3 	20	1	15
23	0	1364	4 	47	1	15
23	0	1364	5 	63	1	6
23	0	1366	1 	3	0	26
23	0	1366	2 	12	0	25
23	0	1366	3 	31	0	20
23	0	1366	4 	34	0	34
23	0	1366	5 	48	0	15
23	0	1366	6 	58	0	15
23	0	1366	7 	63	0	9
23	0	1367	1 	11	0	21
23	0	1367	2 	1	1	10
23	0	1367	3 	14	0	25
23	0	1367	4 	7	0	10
23	0	1367	5 	21	0	25
23	0	1367	6 	2	0	19
23	0	1367	7 	38	0	30
23	0	1367	8 	39	0	5
23	0	1367	9 	54	0	18
23	0	1367	10 	61	0	1
23	0	1369	1 	12	0	40
23	0	1369	2 	31	0	30
23	0	1369	3 	1	0	13
23	0	1372	1 	5	0	25
23	0	1372	2 	20	0	25
23	0	1372	3 	7	0	10
23	0	1372	4 	38	0	30
23	0	1372	5 	42	0	28
23	0	1372	6 	52	0	30
23	0	1373	1 	2	1	15
23	0	1373	2 	13	1	15
23	0	1373	3 	18	1	25
23	0	1373	4 	27	1	10
23	0	1373	5 	38	1	25
23	0	1373	6 	33	1	10
23	0	1373	7 	45	1	20
23	0	1373	8 	60	1	15
23	0	1373	9 	51	1	18
23	0	1374	1 	3	0	30
23	0	1374	2 	10	0	22
23	0	1374	3 	23	0	22
23	0	1377	1 	3	1	39
23	0	1377	2 	3	0	25
23	0	1377	3 	22	0	20
23	0	1377	4 	21	0	14
23	0	1377	5 	32	1	20
23	0	1377	6 	33	0	15
23	0	1377	7 	62	1	10
23	0	1378	1 	10	1	42
23	0	1378	2 	7	1	20
23	0	1378	3 	3	1	15
23	0	1378	4 	29	1	20
23	0	1378	5 	50	1	25
23	0	1378	6 	67	1	1
23	0	1378	7 	37	1	5
23	0	1378	8 	51	1	4
23	0	1378	9 	56	0	14
23	0	1378	10 	39	1	25
23	0	1379	1 	72	0	1
23	0	1379	2 	18	0	25
23	0	1379	3 	22	0	25
23	0	1379	4 	45	0	10
23	0	1379	5 	8	0	5
23	0	1379	6 	26	0	48
23	0	1379	7 	27	0	20
23	0	1379	8 	72	1	11
23	0	1379	9 	35	0	10
23	0	1379	10 	56	0	10
23	0	1380	1 	6	1	25
23	0	1380	2 	9	1	15
23	0	1380	3 	18	1	35
23	0	1380	4 	33	1	15
23	0	1380	5 	35	1	32
23	0	1380	6 	43	1	20
23	0	1381	1 	11	1	30
23	0	1381	2 	7	1	25
23	0	1381	3 	18	1	25
23	0	1381	4 	38	1	25
23	0	1381	5 	53	1	5
23	0	1381	6 	62	1	1
23	0	1381	7 	35	1	10
23	0	1381	8 	33	1	25
23	0	1381	9 	69	1	18
23	0	1381	10 	56	1	5
23	0	1382	1 	1	0	30
23	0	1382	2 	62	0	10
23	0	1382	3 	5	0	25
23	0	1382	4 	45	0	39
23	0	1382	5 	36	0	17
23	0	1382	6 	56	0	3
23	0	1382	7 	35	0	20
23	0	1382	8 	42	0	10
23	0	1382	9 	47	1	1
23	0	1382	10 	46	1	15
23	0	1383	1 	6	1	15
23	0	1383	2 	13	1	10
23	0	1383	3 	62	0	10
23	0	1383	4 	18	1	30
23	0	1383	5 	32	1	20
23	0	1383	6 	38	1	20
23	0	1383	7 	7	1	25
23	0	1383	8 	48	1	10
23	0	1383	9 	56	1	24
23	0	1383	10 	55	0	5
23	0	1386	1 	5	1	25
23	0	1386	2 	5	0	15
23	0	1386	3 	14	0	30
23	0	1386	4 	42	1	10
23	0	1386	5 	48	0	24
23	0	1386	6 	1	1	10
23	0	1386	7 	3	1	10
23	0	1386	8 	55	0	10
23	0	1386	9 	56	0	5
23	0	1387	1 	2	1	30
23	0	1387	2 	5	1	25
23	0	1387	3 	11	1	25
23	0	1387	4 	9	1	20
23	0	1389	1 	46	1	25
23	0	1389	2 	62	0	5
23	0	1389	3 	39	1	5
23	0	1389	4 	28	1	25
23	0	1389	5 	64	1	15
23	0	1389	6 	54	1	25
23	0	1389	7 	33	1	25
23	0	1389	8 	2	1	28
23	0	1389	9 	14	1	5
23	0	1390	1 	2	1	25
23	0	1390	2 	5	1	10
23	0	1390	3 	20	1	10
23	0	1390	4 	23	1	30
23	0	1390	5 	26	0	14
23	0	1390	6 	28	1	25
23	0	1391	1 	3	1	31
23	0	1391	2 	6	0	25
23	0	1391	3 	10	1	23
23	0	1391	4 	5	0	20
23	0	1391	5 	63	1	15
23	0	1392	1 	12	0	25
23	0	1392	2 	71	0	1
23	0	1392	3 	3	0	10
23	0	1392	4 	20	0	25
23	0	1392	5 	21	0	25
23	0	1392	6 	56	0	21
23	0	1392	7 	28	0	25
23	0	1392	8 	61	0	1
23	0	1392	9 	35	0	25
23	0	1392	10 	62	0	10
23	0	1393	1 	10	1	25
23	0	1393	2 	12	1	25
23	0	1393	3 	18	1	20
23	0	1393	4 	39	1	20
23	0	1393	5 	50	1	10
23	0	1393	6 	56	1	27
23	0	1393	7 	61	1	20
23	0	1394	1 	12	1	15
23	0	1394	2 	7	1	43
23	0	1394	3 	23	1	25
23	0	1394	4 	27	1	20
23	0	1394	5 	35	0	10
23	0	1394	6 	50	1	25
23	0	1394	7 	52	1	5
23	0	1394	8 	64	1	15
23	0	1394	9 	61	1	1
23	0	1395	1 	2	1	30
23	0	1395	2 	6	1	18
23	0	1395	3 	10	1	10
23	0	1395	4 	68	1	1
23	0	1395	5 	29	1	20
23	0	1395	6 	46	1	25
23	0	1395	7 	27	1	19
23	0	1395	8 	74	1	10
23	0	1395	9 	32	1	10
23	0	1395	10 	43	1	34
23	0	1398	1 	10	1	36
23	0	1398	2 	61	1	20
23	0	1398	3 	13	1	10
23	0	1398	4 	68	1	1
23	0	1398	5 	29	1	20
23	0	1398	6 	27	0	25
23	0	1398	7 	32	1	21
23	0	1398	8 	46	1	10
23	0	1398	9 	55	1	5
23	0	1398	10 	53	1	15
23	0	1400	1 	6	1	25
23	0	1400	2 	56	1	25
23	0	1400	3 	14	1	25
23	0	1400	4 	72	1	1
23	0	1400	5 	21	1	5
23	0	1400	6 	68	1	11
23	0	1400	7 	55	1	5
23	0	1400	8 	28	1	19
23	0	1400	9 	38	1	43
23	0	1400	10 	67	1	5
23	0	1404	1 	3	0	20
23	0	1404	2 	13	0	10
23	0	1404	3 	67	1	3
23	0	1404	4 	5	0	25
23	0	1404	5 	35	0	20
23	0	1404	6 	62	0	25
23	0	1404	7 	29	0	30
23	0	1404	8 	29	1	5
23	0	1404	9 	61	0	1
23	0	1404	10 	56	0	25
23	0	1405	1 	8	1	30
23	0	1405	2 	4	1	25
23	0	1405	3 	30	1	25
23	0	1405	4 	61	1	1
23	0	1405	5 	38	1	25
23	0	1405	6 	45	1	25
23	0	1405	7 	39	1	25
23	0	1407	1 	28	0	10
23	0	1407	2 	38	1	10
23	0	1407	3 	22	0	10
23	0	1407	4 	48	0	5
23	0	1407	5 	63	0	5
23	0	1407	6 	45	0	10
23	0	1407	7 	46	1	42
23	0	1407	8 	29	0	25
23	0	1407	9 	9	1	6
23	0	1407	10 	9	0	36
23	0	1408	1 	2	1	25
23	0	1408	2 	10	1	5
23	0	1408	3 	60	1	5
23	0	1408	4 	22	1	15
23	0	1408	5 	72	1	5
23	0	1408	6 	28	1	25
23	0	1408	7 	50	1	20
23	0	1408	8 	33	1	45
23	0	1408	9 	38	1	5
23	0	1408	10 	39	1	25
23	0	1409	1 	1	1	30
23	0	1409	2 	1	0	5
23	0	1409	3 	5	0	15
23	0	1409	4 	22	1	25
23	0	1409	5 	33	0	15
23	0	1409	6 	34	1	25
23	0	1409	7 	46	0	20
23	0	1409	8 	58	0	15
23	0	1409	9 	63	1	24
23	0	1410	1 	3	0	20
23	0	1410	2 	12	0	38
23	0	1410	3 	56	0	8
23	0	1410	4 	50	0	5
23	0	1410	5 	26	0	25
23	0	1410	6 	62	0	20
23	0	1410	7 	71	0	5
23	0	1410	8 	5	0	15
23	0	1410	9 	39	0	5
23	0	1410	10 	47	0	25
23	0	1411	1 	8	1	36
23	0	1411	2 	67	1	5
23	0	1411	3 	62	1	10
23	0	1411	4 	21	1	15
23	0	1411	5 	29	1	15
23	0	1411	6 	23	1	12
23	0	1411	7 	48	1	5
23	0	1411	8 	38	0	15
23	0	1411	9 	58	1	25
23	0	1411	10 	34	1	25
23	0	1413	1 	10	1	17
23	0	1413	2 	8	1	22
23	0	1413	3 	4	1	15
23	0	1413	4 	22	1	33
23	0	1413	5 	26	1	15
23	0	1413	6 	29	1	15
23	0	1413	7 	38	1	20
23	0	1413	8 	50	1	25
23	0	1413	9 	56	1	20
23	0	1414	1 	2	1	25
23	0	1414	2 	76	1	5
23	0	1414	3 	3	0	10
23	0	1414	4 	24	1	25
23	0	1414	5 	30	1	5
23	0	1414	6 	28	1	40
23	0	1414	7 	62	0	25
23	0	1414	8 	66	1	5
23	0	1414	9 	43	1	25
23	0	1414	10 	46	1	14
23	0	1415	1 	4	0	27
23	0	1415	2 	10	0	20
23	0	1415	3 	61	0	5
23	0	1415	4 	56	0	33
23	0	1415	5 	21	0	10
23	0	1415	6 	50	0	5
23	0	1415	7 	51	0	5
23	0	1415	8 	36	0	25
23	0	1415	9 	53	0	10
23	0	1415	10 	35	0	10
23	0	1416	1 	3	1	35
23	0	1416	2 	14	1	5
23	0	1416	3 	29	1	30
23	0	1416	4 	23	1	5
23	0	1416	5 	38	1	5
23	0	1416	6 	41	1	30
23	0	1416	7 	34	1	28
23	0	1416	8 	72	1	1
23	0	1417	1 	7	0	25
23	0	1417	2 	9	0	25
23	0	1417	3 	35	0	10
23	0	1417	4 	53	0	14
23	0	1417	5 	17	0	10
23	0	1417	6 	21	0	15
23	0	1417	7 	51	0	42
23	0	1417	8 	27	0	10
23	0	1417	9 	58	0	5
23	0	1417	10 	38	0	25
23	0	1421	1 	2	1	35
23	0	1421	2 	8	1	10
23	0	1421	3 	13	1	20
23	0	1421	4 	7	1	15
23	0	1421	5 	15	1	25
23	0	1421	6 	23	1	20
23	0	1421	7 	30	1	15
23	0	1421	8 	41	1	10
23	0	1422	1 	4	0	30
23	0	1422	2 	13	0	25
23	0	1422	3 	22	0	31
23	0	1422	4 	42	0	20
23	0	1422	5 	50	0	20
23	0	1422	6 	35	0	10
23	0	1422	7 	64	0	14
23	0	1423	1 	6	0	25
23	0	1423	2 	67	0	1
23	0	1423	3 	48	0	5
23	0	1423	4 	22	0	33
23	0	1423	5 	71	0	1
23	0	1423	6 	5	0	1
23	0	1423	7 	41	0	25
23	0	1423	8 	62	0	15
23	0	1423	9 	47	0	1
23	0	1423	10 	53	0	25
23	0	1424	1 	12	1	20
23	0	1424	2 	7	1	25
23	0	1424	3 	10	1	15
23	0	1424	4 	35	0	5
23	0	1424	5 	32	1	39
23	0	1424	6 	69	1	1
23	0	1424	7 	38	1	5
23	0	1424	8 	48	1	5
23	0	1424	9 	61	1	11
23	0	1424	10 	53	1	14
23	0	1425	1 	7	1	25
23	0	1425	2 	14	1	15
23	0	1425	3 	11	1	25
23	0	1425	4 	62	1	10
23	0	1425	5 	27	1	10
23	0	1425	6 	33	1	15
23	0	1425	7 	41	1	5
23	0	1425	8 	54	1	40
23	0	1425	9 	56	1	5
23	0	1425	10 	53	1	25
23	0	1427	1 	10	0	33
23	0	1427	2 	3	0	5
23	0	1427	3 	23	0	20
23	0	1427	4 	31	0	10
23	0	1427	5 	27	0	25
23	0	1427	6 	41	0	25
23	0	1427	7 	38	0	5
23	0	1427	8 	55	0	20
23	0	1427	9 	50	0	10
23	0	1427	10 	56	0	26
23	0	1428	1 	2	1	25
23	0	1428	2 	22	1	25
23	0	1428	3 	55	0	5
23	0	1428	4 	8	1	20
23	0	1428	5 	36	1	21
23	0	1428	6 	35	0	10
23	0	1428	7 	45	1	25
23	0	1428	8 	46	1	30
23	0	1428	9 	56	1	5
23	0	1428	10 	53	1	6
23	0	1429	1 	45	0	45
23	0	1429	2 	22	0	26
23	0	1429	3 	7	0	25
23	0	1429	4 	1	0	21
23	0	1429	5 	46	0	6
23	0	1429	6 	64	0	1
23	0	1429	7 	35	0	10
23	0	1429	8 	56	0	1
23	0	1429	9 	47	0	16
23	0	1429	10 	55	0	5
23	0	1430	1 	1	0	15
23	0	1430	2 	3	0	10
23	0	1430	3 	6	0	5
23	0	1430	4 	5	0	15
23	0	1430	5 	22	0	25
23	0	1430	6 	7	0	25
23	0	1430	7 	38	0	40
23	0	1430	8 	41	0	20
23	0	1430	9 	43	0	4
23	0	1430	10 	51	0	22
23	0	1431	1 	6	1	25
23	0	1431	2 	7	1	5
23	0	1431	3 	2	1	20
23	0	1431	4 	22	1	15
23	0	1431	5 	5	1	5
23	0	1431	6 	46	1	25
23	0	1431	7 	35	1	1
23	0	1431	8 	32	1	10
23	0	1431	9 	38	1	30
23	0	1431	10 	53	1	25
23	0	1432	1 	33	1	10
23	0	1432	2 	31	1	25
23	0	1432	3 	23	0	25
23	0	1432	4 	10	1	10
23	0	1432	5 	11	1	43
23	0	1432	6 	35	1	25
23	0	1432	7 	46	1	21
23	0	1432	8 	60	1	13
23	0	1434	1 	5	0	30
23	0	1434	2 	1	0	25
23	0	1434	3 	8	0	25
23	0	1434	4 	7	1	15
23	0	1434	5 	38	0	15
23	0	1434	6 	45	0	10
23	0	1434	7 	48	0	15
23	0	1434	8 	46	0	11
23	0	1434	9 	58	0	10
23	0	1435	1 	3	0	30
23	0	1435	2 	23	0	25
23	0	1435	3 	27	0	25
23	0	1435	4 	46	0	25
23	0	1435	5 	58	0	5
23	0	1435	6 	67	0	19
23	0	1436	1 	5	0	30
23	0	1436	2 	38	0	25
23	0	1436	3 	31	0	25
23	0	1436	4 	41	0	10
23	0	1436	5 	54	0	20
23	0	1436	6 	46	0	15
23	0	1436	7 	50	0	16
23	0	1436	8 	67	0	10
23	0	1439	1 	6	1	25
23	0	1439	2 	22	1	33
23	0	1439	3 	7	1	25
23	0	1439	4 	67	1	1
23	0	1439	5 	62	0	5
23	0	1439	6 	28	1	25
23	0	1439	7 	31	1	15
23	0	1439	8 	38	1	25
23	0	1439	9 	45	1	5
23	0	1439	10 	53	1	15
23	0	1440	1 	7	0	25
23	0	1440	2 	35	0	8
23	0	1440	3 	13	0	15
23	0	1440	4 	1	0	10
23	0	1440	5 	20	0	25
23	0	1440	6 	47	0	25
23	0	1440	7 	45	0	10
23	0	1440	8 	38	0	31
23	0	1440	9 	71	0	10
23	0	1442	1 	10	1	25
23	0	1442	2 	23	1	10
23	0	1442	3 	55	1	5
23	0	1442	4 	12	1	25
23	0	1442	5 	5	1	5
23	0	1442	6 	27	1	25
23	0	1442	7 	45	1	17
23	0	1442	8 	50	1	39
23	0	1442	9 	47	0	5
23	0	1442	10 	62	1	11
23	0	1443	1 	6	1	25
23	0	1443	2 	13	1	5
23	0	1443	3 	60	1	28
23	0	1443	4 	20	1	25
23	0	1443	5 	5	1	5
23	0	1443	6 	31	1	25
23	0	1443	7 	46	1	25
23	0	1443	8 	50	1	17
23	0	1443	9 	47	1	5
23	0	1443	10 	55	1	10
23	0	1444	1 	6	0	25
23	0	1444	2 	13	0	5
23	0	1444	3 	47	0	5
23	0	1444	4 	21	0	25
23	0	1444	5 	55	0	5
23	0	1444	6 	26	0	25
23	0	1444	7 	27	0	5
23	0	1444	8 	31	0	25
23	0	1444	9 	69	0	5
23	0	1444	10 	38	0	37
23	0	1445	1 	2	1	25
23	0	1445	2 	18	1	44
23	0	1445	3 	33	1	25
23	0	1445	4 	38	1	25
23	0	1445	5 	13	1	10
23	0	1445	6 	69	1	2
23	0	1445	7 	5	1	5
23	0	1445	8 	35	1	1
23	0	1445	9 	55	0	5
23	0	1445	10 	68	1	5
23	0	1446	1 	6	1	39
23	0	1446	2 	2	1	25
23	0	1446	3 	18	1	26
23	0	1446	4 	42	1	15
23	0	1446	5 	51	1	10
23	0	1446	6 	68	1	5
23	0	1447	1 	6	1	30
23	0	1447	2 	2	1	10
23	0	1447	3 	13	1	25
23	0	1447	4 	31	1	10
23	0	1447	5 	33	1	25
23	0	1447	6 	38	1	25
23	0	1447	7 	56	1	25
23	0	1447	8 	64	1	6
23	0	1448	1 	5	1	25
23	0	1448	2 	42	1	21
23	0	1448	3 	18	1	25
23	0	1448	4 	26	0	28
23	0	1448	5 	35	1	6
23	0	1448	6 	6	1	25
23	0	1448	7 	53	1	25
23	0	1448	8 	64	1	1
23	0	1448	9 	62	0	5
23	0	1449	1 	3	0	27
23	0	1449	2 	5	0	15
23	0	1449	3 	20	0	10
23	0	1449	4 	21	0	25
23	0	1449	5 	29	0	25
23	0	1449	6 	37	0	30
23	0	1449	7 	62	0	25
23	0	1449	8 	74	0	4
23	0	1450	1 	6	1	26
23	0	1450	2 	13	1	13
23	0	1450	3 	23	1	25
23	0	1450	4 	70	1	5
23	0	1450	5 	7	1	25
23	0	1450	6 	38	1	39
23	0	1450	7 	62	1	5
23	0	1450	8 	69	1	17
23	0	1450	9 	51	1	5
23	0	1450	10 	61	1	5
23	0	1451	1 	12	0	30
23	0	1451	2 	7	0	25
23	0	1451	3 	21	0	20
23	0	1451	4 	46	0	27
23	0	1451	5 	5	0	15
23	0	1452	1 	6	1	31
23	0	1452	2 	8	1	20
23	0	1452	3 	16	1	25
23	0	1452	4 	18	1	25
23	0	1452	5 	26	0	10
23	0	1452	6 	33	1	5
23	0	1452	7 	37	1	25
23	0	1452	8 	74	1	10
23	0	1452	9 	2	1	20
23	0	1452	10 	48	1	10
23	0	1453	1 	3	1	27
23	0	1453	2 	2	1	26
23	0	1453	3 	10	1	25
23	0	1454	1 	2	1	30
23	0	1454	2 	9	1	30
23	0	1454	3 	8	0	21
23	0	1455	1 	2	1	33
23	0	1455	2 	37	1	30
23	0	1455	3 	20	1	25
23	0	1455	4 	18	1	20
23	0	1455	5 	26	0	15
23	0	1455	6 	33	1	25
23	0	1455	7 	74	1	4
23	0	1455	8 	60	1	5
23	0	1455	9 	46	1	5
23	0	1455	10 	56	1	5
23	0	1456	1 	3	1	30
23	0	1456	2 	5	1	10
23	0	1456	3 	21	1	10
23	0	1456	4 	35	1	30
23	0	1456	5 	41	1	10
23	0	1456	6 	39	1	30
23	0	1456	7 	46	1	15
23	0	1456	8 	47	1	18
23	0	1456	9 	56	1	10
23	0	1456	10 	62	1	5
23	0	1460	1 	10	1	30
23	0	1460	2 	18	1	25
23	0	1460	3 	32	1	25
23	0	1460	4 	42	1	10
23	0	1460	5 	38	1	15
23	0	1460	6 	48	1	5
23	0	1460	7 	53	1	20
23	0	1460	8 	56	1	10
23	0	1460	9 	61	1	25
23	0	1460	10 	70	1	6
23	0	1462	1 	10	0	30
23	0	1462	2 	20	0	25
23	0	1462	3 	23	0	30
23	0	1462	4 	36	0	25
23	0	1462	5 	1	0	5
23	0	1462	6 	38	0	5
23	0	1462	7 	63	0	14
23	0	1463	1 	3	0	30
23	0	1463	2 	26	0	10
23	0	1463	3 	38	0	20
23	0	1463	4 	47	0	25
23	0	1463	5 	51	0	5
23	0	1463	6 	35	0	7
23	0	1463	7 	62	0	20
23	0	1463	8 	55	0	1
23	0	1463	9 	71	0	1
23	0	1464	1 	10	1	25
23	0	1464	2 	4	1	25
23	0	1464	3 	41	1	25
23	0	1464	4 	62	1	1
23	0	1464	5 	18	1	15
23	0	1464	6 	21	1	5
23	0	1464	7 	23	1	17
23	0	1464	8 	60	1	4
23	0	1464	9 	54	1	42
23	0	1464	10 	50	1	11
23	0	1465	1 	6	1	27
23	0	1465	2 	74	0	1
23	0	1465	3 	18	1	25
23	0	1465	4 	31	1	20
23	0	1465	5 	33	1	17
23	0	1465	6 	68	1	5
23	0	1465	7 	38	1	25
23	0	1465	8 	45	0	34
23	0	1465	9 	46	0	6
23	0	1465	10 	55	0	5
23	0	1466	1 	3	0	33
23	0	1466	2 	62	0	25
23	0	1466	3 	5	0	25
23	0	1466	4 	20	0	5
23	0	1466	5 	23	0	25
23	0	1466	6 	31	0	23
23	0	1466	7 	38	0	15
23	0	1466	8 	39	0	10
23	0	1466	9 	56	0	15
23	0	1466	10 	51	0	5
23	0	1467	1 	2	1	30
23	0	1467	2 	5	1	10
23	0	1467	3 	31	1	9
23	0	1467	4 	28	1	10
23	0	1467	5 	38	1	25
23	0	1467	7 	45	1	20
23	0	1467	8 	51	1	25
23	0	1467	9 	56	1	1
23	0	1467	10 	60	1	36
23	0	1468	1 	11	0	15
23	0	1468	2 	51	0	6
23	0	1468	3 	67	0	1
23	0	1468	4 	5	0	10
23	0	1468	5 	21	0	25
23	0	1468	6 	56	0	35
23	0	1468	7 	55	0	15
23	0	1468	8 	29	0	30
23	0	1468	9 	9	0	20
23	0	1468	10 	41	0	20
23	0	1469	1 	9	1	37
23	0	1469	2 	33	1	10
23	0	1469	3 	68	1	5
23	0	1469	4 	18	1	25
23	0	1469	5 	10	1	15
23	0	1469	6 	32	1	25
23	0	1469	7 	38	1	10
23	0	1469	8 	54	1	25
23	0	1469	9 	11	1	10
23	0	1469	10 	48	1	5
23	0	1470	1 	2	1	25
23	0	1470	2 	6	1	10
23	0	1470	3 	13	1	10
23	0	1470	4 	18	1	30
23	0	1470	5 	29	1	20
23	0	1470	6 	27	1	12
23	0	1470	7 	48	1	15
23	0	1470	8 	42	1	25
23	0	1470	9 	33	1	5
23	0	1470	10 	43	1	30
23	0	1471	1 	6	0	20
23	0	1471	2 	74	0	11
23	0	1471	3 	68	0	5
23	0	1471	4 	1	0	10
23	0	1471	5 	5	0	25
23	0	1471	6 	51	0	5
23	0	1471	7 	54	0	25
23	0	1471	8 	38	0	25
23	0	1471	9 	29	0	30
23	0	1471	10 	37	0	5
23	0	1472	1 	4	0	35
23	0	1472	2 	31	0	30
23	0	1472	3 	48	0	10
23	0	1472	4 	47	0	18
23	0	1472	5 	53	0	15
23	0	1472	6 	61	0	10
23	0	1472	7 	69	0	5
23	0	1473	1 	6	0	25
23	0	1473	2 	22	0	27
23	0	1473	3 	31	0	10
23	0	1473	4 	28	0	25
23	0	1473	5 	41	0	5
23	0	1473	6 	45	0	35
23	0	1473	7 	35	0	10
23	0	1473	8 	58	0	16
23	0	1473	9 	63	0	20
23	0	1475	1 	62	0	10
23	0	1475	2 	1	0	10
23	0	1475	3 	4	0	25
23	0	1475	4 	5	0	25
23	0	1475	5 	10	0	15
23	0	1475	6 	50	0	6
23	0	1475	7 	29	0	31
23	0	1475	8 	45	0	25
23	0	1475	9 	26	0	25
23	0	1475	10 	58	0	5
23	0	1477	1 	8	1	30
23	0	1477	2 	23	1	25
23	0	1477	3 	3	0	10
23	0	1477	4 	39	1	25
23	0	1477	5 	3	1	25
23	0	1477	6 	53	1	25
23	0	1477	7 	62	1	3
23	0	1478	1 	5	0	25
23	0	1478	2 	6	0	20
23	0	1478	3 	11	0	24
23	0	1478	4 	3	0	25
23	0	1478	5 	46	0	25
23	0	1478	6 	53	0	15
23	0	1478	7 	62	0	5
23	0	1479	1 	12	1	15
23	0	1479	2 	4	1	25
23	0	1479	3 	10	1	27
23	0	1479	4 	14	1	5
23	0	1479	5 	23	0	30
23	0	1479	6 	39	1	25
23	0	1479	7 	39	0	5
23	0	1479	8 	53	1	22
23	0	1479	9 	62	1	1
23	0	1480	1 	12	1	15
23	0	1480	2 	12	0	20
23	0	1480	3 	15	1	25
23	0	1480	4 	53	1	12
23	0	1480	5 	10	1	25
23	0	1480	6 	32	1	15
23	0	1480	7 	61	1	5
23	0	1480	8 	48	1	39
23	0	1480	9 	56	0	15
23	0	1480	10 	56	1	5
23	0	1481	1 	6	0	30
23	0	1481	2 	5	0	15
23	0	1481	3 	45	0	15
23	0	1481	4 	13	0	20
23	0	1481	5 	55	0	10
23	0	1481	6 	53	0	24
23	0	1481	7 	29	0	25
23	0	1481	8 	26	0	15
23	0	1481	9 	27	0	15
23	0	1481	10 	38	0	6
23	0	1482	1 	5	1	36
23	0	1482	2 	6	1	10
23	0	1482	3 	13	1	25
23	0	1482	4 	17	1	25
23	0	1482	5 	22	1	25
23	0	1482	6 	67	1	5
23	0	1482	8 	68	1	5
23	0	1482	9 	46	1	5
23	0	1482	10 	53	1	20
23	0	1483	1 	4	1	30
23	0	1483	2 	4	0	30
23	0	1483	3 	56	1	30
23	0	1483	4 	51	1	13
23	0	1483	5 	63	0	4
23	0	1484	1 	7	1	40
23	0	1486	1 	5	0	30
23	0	1486	2 	3	0	5
23	0	1486	3 	26	0	25
23	0	1486	4 	36	0	5
23	0	1486	5 	35	0	42
23	0	1486	6 	38	0	5
23	0	1486	7 	46	0	5
23	0	1486	8 	56	0	10
23	0	1486	9 	62	0	22
23	0	1487	1 	7	0	30
23	0	1487	2 	68	0	1
23	0	1487	3 	20	0	25
23	0	1487	4 	21	0	10
23	0	1487	5 	27	0	5
23	0	1487	6 	29	0	5
23	0	1487	7 	1	0	25
23	0	1487	8 	47	0	25
23	0	1487	9 	48	0	5
23	0	1487	10 	51	0	9
23	0	1488	1 	3	0	25
23	0	1488	2 	67	1	2
23	0	1488	3 	56	0	25
23	0	1488	4 	62	0	6
23	0	1488	5 	29	0	25
23	0	1488	6 	27	0	40
23	0	1488	7 	62	1	5
23	0	1488	8 	41	0	15
23	0	1488	9 	35	0	10
23	0	1488	10 	37	0	14
23	0	1489	1 	2	1	25
23	0	1489	2 	7	1	15
23	0	1489	3 	11	1	20
23	0	1489	4 	17	1	30
23	0	1489	5 	51	1	10
23	0	1489	6 	29	1	10
23	0	1489	7 	32	1	10
23	0	1489	8 	74	1	10
23	0	1489	9 	38	1	25
23	0	1489	10 	33	1	25
23	0	1491	1 	10	1	36
23	0	1491	2 	7	1	5
23	0	1491	3 	56	0	13
23	0	1491	4 	62	0	15
23	0	1491	5 	3	1	5
23	0	1491	6 	28	1	20
23	0	1491	7 	36	1	25
23	0	1491	8 	54	1	5
23	0	1491	9 	55	1	5
23	0	1491	10 	50	1	42
23	0	1492	1 	8	1	30
23	0	1492	2 	10	1	20
23	0	1492	3 	7	1	15
23	0	1492	4 	33	1	15
23	0	1492	5 	35	1	10
23	0	1492	6 	45	1	30
23	0	1492	7 	48	1	6
23	0	1492	8 	61	1	10
23	0	1492	9 	55	1	19
23	0	1493	1 	12	1	30
23	0	1493	2 	14	1	25
23	0	1493	3 	67	1	5
23	0	1493	4 	23	1	25
23	0	1493	5 	33	1	25
23	0	1493	6 	46	1	5
23	0	1493	7 	38	1	5
23	0	1493	8 	39	1	25
23	0	1493	9 	56	1	25
23	0	1493	10 	55	1	5
23	0	1494	1 	2	1	25
23	0	1494	2 	68	1	9
23	0	1494	3 	20	1	25
23	0	1494	4 	18	1	25
23	0	1494	5 	4	1	5
23	0	1494	6 	28	1	36
23	0	1494	7 	38	1	25
23	0	1494	8 	61	1	5
23	0	1494	9 	35	0	10
23	0	1494	10 	47	1	5
23	0	1495	1 	3	1	45
23	0	1495	2 	3	0	6
23	0	1495	3 	1	1	10
23	0	1495	4 	55	0	5
23	0	1495	5 	5	0	25
23	0	1495	6 	37	1	25
23	0	1495	7 	48	0	25
23	0	1495	8 	62	0	10
23	0	1495	9 	21	0	25
23	0	1495	10 	72	1	1
23	0	1496	1 	11	1	25
23	0	1496	2 	48	1	24
23	0	1496	3 	18	1	51
23	0	1496	4 	7	1	25
23	0	1496	5 	3	1	10
23	0	1496	6 	28	1	25
23	0	1496	7 	51	1	5
23	0	1496	8 	55	0	5
23	0	1496	9 	63	1	5
23	0	1496	10 	72	1	5
23	0	1497	1 	11	1	30
23	0	1497	2 	18	1	25
23	0	1497	3 	55	1	9
23	0	1497	4 	32	1	10
23	0	1497	5 	39	1	10
23	0	1497	6 	38	1	10
23	0	1497	7 	56	1	10
23	0	1497	8 	54	1	5
23	0	1497	9 	58	1	25
23	0	1497	10 	64	1	5
23	0	1498	1 	11	0	30
23	0	1498	2 	13	0	5
23	0	1498	3 	5	0	25
23	0	1498	4 	21	0	25
23	0	1498	5 	28	0	25
23	0	1498	6 	5	1	5
23	0	1498	7 	55	0	5
23	0	1498	8 	48	0	10
23	0	1498	9 	47	0	48
23	0	1499	1 	11	1	40
23	0	1499	2 	1	1	10
23	0	1499	3 	18	1	15
23	0	1499	4 	22	1	25
23	0	1499	5 	28	1	27
23	0	1499	6 	29	1	20
23	0	1499	7 	33	1	10
23	0	1499	8 	38	1	10
23	0	1499	9 	61	1	13
23	0	1499	10 	60	1	5
23	0	1500	1 	35	0	10
23	0	1500	2 	9	0	25
23	0	1500	3 	31	1	50
23	0	1500	4 	45	0	15
23	0	1500	5 	17	0	5
23	0	1500	6 	21	0	10
23	0	1500	7 	62	0	10
23	0	1500	8 	29	0	25
23	0	1500	9 	9	1	5
23	0	1500	10 	3	1	25
23	0	1501	1 	10	0	25
23	0	1501	2 	13	0	5
23	0	1501	3 	35	0	10
23	0	1501	4 	56	0	31
23	0	1501	5 	21	0	5
23	0	1501	6 	23	0	25
23	0	1501	7 	62	0	10
23	0	1501	8 	36	0	20
23	0	1501	9 	61	0	25
23	0	1501	10 	46	0	5
23	0	1502	1 	1	0	25
23	0	1502	2 	21	1	25
23	0	1502	3 	35	1	5
23	0	1502	4 	46	1	33
23	0	1502	5 	31	1	20
23	0	1502	6 	7	0	15
23	0	1502	7 	26	0	25
23	0	1502	8 	79	1	3
23	0	1502	9 	20	0	5
23	0	1502	10 	55	0	13
23	0	1503	1 	39	1	40
23	0	1503	2 	9	1	26
23	0	1503	3 	33	1	25
23	0	1503	4 	8	1	15
23	0	1503	5 	13	1	10
23	0	1503	6 	73	1	8
23	0	1503	7 	23	1	15
23	0	1503	8 	56	1	10
23	0	1503	9 	55	1	5
23	0	1503	10 	35	0	10
23	0	1504	1 	2	1	25
23	0	1504	2 	39	1	25
23	0	1504	3 	47	1	5
23	0	1504	4 	11	1	25
23	0	1504	5 	72	1	19
23	0	1504	6 	18	1	36
23	0	1504	7 	60	1	5
23	0	1504	8 	3	1	15
23	0	1504	9 	29	0	11
23	0	1504	10 	38	1	25
23	0	1505	1 	12	1	26
23	0	1505	2 	13	1	36
23	0	1505	3 	18	1	25
23	0	1505	4 	29	1	15
23	0	1505	5 	2	1	5
23	0	1505	6 	32	1	20
23	0	1505	7 	38	1	5
23	0	1505	8 	46	1	15
23	0	1505	9 	58	1	15
23	0	1505	10 	62	1	5
23	0	1506	1 	7	1	25
23	0	1506	2 	1	1	25
23	0	1506	3 	18	1	25
23	0	1506	4 	28	1	40
23	0	1506	5 	46	1	20
23	0	1506	6 	56	1	10
23	0	1506	7 	62	1	5
23	0	1506	8 	71	1	2
23	0	1507	1 	7	1	25
23	0	1507	2 	38	1	25
23	0	1507	3 	68	1	4
23	0	1507	4 	18	1	25
23	0	1507	5 	23	1	25
23	0	1507	6 	53	1	14
23	0	1507	7 	29	1	10
23	0	1507	8 	33	1	25
23	0	1507	9 	70	1	1
23	0	1507	10 	56	1	15
23	0	1509	1 	9	1	25
23	0	1509	2 	13	1	15
23	0	1509	3 	34	1	25
23	0	1509	4 	53	1	29
23	0	1509	5 	70	1	5
23	0	1509	6 	29	1	25
23	0	1509	7 	48	1	5
23	0	1509	8 	31	1	10
23	0	1509	9 	37	1	25
23	0	1509	10 	62	1	5
23	0	1510	1 	33	1	41
23	0	1510	2 	4	1	25
23	0	1510	3 	31	1	20
23	0	1510	4 	26	1	10
23	0	1510	5 	23	1	20
23	0	1510	6 	62	1	8
23	0	1510	7 	35	0	10
23	0	1510	8 	56	1	15
23	0	1510	9 	20	1	10
23	0	1510	10 	39	1	5
23	0	1511	1 	6	0	30
23	0	1511	2 	5	0	21
23	0	1511	3 	17	0	25
23	0	1511	4 	33	0	10
23	0	1511	5 	41	0	20
23	0	1511	6 	38	0	25
23	0	1511	7 	45	0	25
23	0	1511	8 	50	0	15
23	0	1511	9 	61	0	10
23	0	1512	1 	2	1	13
23	0	1512	2 	13	1	25
23	0	1512	3 	31	1	20
23	0	1512	4 	8	1	20
23	0	1512	5 	33	1	11
23	0	1512	6 	38	1	25
23	0	1512	7 	46	1	10
23	0	1512	8 	47	1	10
23	0	1512	9 	53	1	30
23	0	1512	10 	67	1	16
23	0	1514	1 	7	1	25
23	0	1514	2 	18	1	39
23	0	1514	4 	9	1	25
23	0	1514	5 	37	1	25
23	0	1514	6 	35	1	16
23	0	1514	7 	39	1	16
23	0	1514	8 	38	1	25
23	0	1514	9 	52	1	2
23	0	1514	10 	51	1	11
23	0	1515	1 	12	1	25
23	0	1515	2 	46	1	20
23	0	1515	3 	10	1	25
23	0	1515	4 	17	1	32
23	0	1515	5 	27	1	25
23	0	1515	6 	35	0	11
23	0	1515	7 	39	1	21
23	0	1515	8 	56	0	5
23	0	1515	9 	36	1	5
23	0	1517	1 	6	1	26
23	0	1517	2 	18	1	30
23	0	1517	3 	26	1	5
23	0	1517	4 	23	1	10
23	0	1517	5 	31	1	23
23	0	1517	6 	41	1	25
23	0	1517	7 	70	1	5
23	0	1517	8 	74	1	10
23	0	1517	9 	39	1	25
23	0	1517	10 	55	1	5
23	0	1519	1 	6	1	30
23	0	1519	2 	10	1	25
23	0	1519	3 	23	1	15
23	0	1519	4 	27	1	33
23	0	1519	5 	58	1	15
23	0	1519	6 	52	1	5
23	0	1519	7 	62	1	18
23	0	1520	1 	11	0	30
23	0	1520	2 	13	0	10
23	0	1520	3 	62	0	5
23	0	1520	4 	5	0	25
23	0	1520	5 	23	0	15
23	0	1520	6 	26	0	25
23	0	1520	7 	27	0	15
23	0	1520	8 	58	0	10
23	0	1520	9 	52	0	10
23	0	1523	1 	6	0	25
23	0	1523	2 	9	0	20
23	0	1523	3 	9	1	5
23	0	1523	4 	10	0	15
23	0	1523	5 	31	0	25
23	0	1523	6 	2	1	1
23	0	1523	7 	38	0	27
23	0	1523	8 	47	0	20
23	0	1523	9 	53	0	7
23	0	1523	10 	63	0	6
23	0	1525	1 	5	1	30
23	0	1525	2 	8	1	20
23	0	1525	3 	7	1	22
23	0	1525	4 	38	1	22
23	0	1525	5 	29	1	15
23	0	1525	6 	31	1	15
23	0	1525	7 	55	1	25
23	0	1525	8 	17	1	10
23	0	1525	9 	45	1	10
23	0	1525	10 	68	1	5
23	0	1526	1 	2	1	30
23	0	1526	2 	5	1	25
23	0	1526	3 	6	1	25
23	0	1526	4 	38	1	15
23	0	1526	5 	68	1	19
23	0	1527	1 	4	0	30
23	0	1527	2 	6	0	25
23	0	1527	3 	29	0	25
23	0	1527	4 	39	0	5
23	0	1527	5 	41	0	5
23	0	1527	6 	35	0	5
23	0	1527	7 	54	0	25
23	0	1527	8 	53	0	25
23	0	1527	9 	55	0	5
23	0	1530	1 	3	0	30
23	0	1530	2 	56	0	29
23	0	1530	3 	54	0	15
23	0	1530	4 	62	0	10
23	0	1530	5 	10	0	10
23	0	1530	6 	29	0	25
23	0	1530	7 	27	0	25
23	0	1530	8 	41	0	5
23	0	1530	9 	62	1	1
23	0	1530	10 	70	0	10
23	0	1531	1 	2	1	11
23	0	1531	2 	47	1	25
23	0	1531	3 	35	0	10
23	0	1531	4 	13	1	25
23	0	1531	5 	56	0	20
23	0	1531	6 	17	1	25
23	0	1531	7 	56	1	1
23	0	1531	8 	31	1	20
23	0	1531	9 	29	1	15
23	0	1531	10 	62	0	5
23	0	1532	1 	2	1	35
23	0	1532	2 	5	1	15
23	0	1532	3 	35	1	25
23	0	1532	4 	43	1	20
23	0	1532	5 	46	1	30
23	0	1532	6 	68	1	15
23	0	1532	7 	72	1	5
23	0	1533	1 	10	1	35
23	0	1533	2 	11	1	30
23	0	1533	3 	47	1	10
23	0	1534	1 	10	1	25
23	0	1534	2 	67	1	5
23	0	1534	3 	45	1	25
23	0	1534	4 	17	1	20
23	0	1534	5 	29	1	39
23	0	1534	6 	55	1	11
23	0	1534	7 	30	1	5
23	0	1534	8 	56	1	10
23	0	1534	9 	32	1	15
23	0	1534	10 	31	1	5
23	0	1535	1 	2	1	20
23	0	1535	2 	10	1	10
23	0	1535	3 	18	1	33
23	0	1535	4 	1	1	13
23	0	1535	5 	33	1	10
23	0	1535	6 	11	1	15
23	0	1535	7 	3	1	25
23	0	1535	8 	55	1	25
23	0	1535	9 	56	1	5
23	0	1536	1 	12	0	15
23	0	1536	2 	2	0	15
23	0	1536	3 	20	0	15
23	0	1536	4 	47	0	30
23	0	1536	5 	62	0	20
23	0	1536	6 	29	0	30
23	0	1536	7 	55	0	15
23	0	1536	8 	3	0	20
23	0	1536	9 	39	0	5
23	0	1536	10 	45	0	10
23	0	1538	1 	27	0	49
23	0	1538	2 	3	0	15
23	0	1538	3 	35	0	10
23	0	1538	4 	21	0	10
23	0	1538	5 	29	0	10
23	0	1538	6 	62	1	1
23	0	1538	7 	56	0	25
23	0	1538	8 	62	0	17
23	0	1538	9 	10	1	15
23	0	1538	10 	10	0	15
23	0	1540	1 	6	1	30
23	0	1540	2 	5	1	5
23	0	1540	3 	18	1	25
23	0	1540	4 	62	1	5
23	0	1540	5 	36	1	5
23	0	1540	6 	35	0	10
23	0	1540	7 	38	1	5
23	0	1540	8 	46	1	25
23	0	1540	9 	56	1	25
23	0	1540	10 	62	0	24
23	0	1541	1 	10	0	31
23	0	1541	2 	5	0	25
23	0	1541	3 	72	0	10
23	0	1541	4 	38	0	25
23	0	1541	5 	29	0	25
23	0	1541	6 	27	0	10
23	0	1541	7 	53	0	11
23	0	1541	8 	46	1	9
23	0	1541	9 	68	0	1
23	0	1541	10 	43	0	5
23	0	1542	1 	12	0	30
23	0	1542	2 	6	0	25
23	0	1542	3 	4	0	15
23	0	1542	4 	3	0	10
23	0	1542	5 	5	0	15
23	0	1542	6 	31	0	25
23	0	1542	7 	56	0	19
23	0	1542	8 	55	0	15
23	0	1543	1 	6	1	36
23	0	1543	2 	63	1	1
23	0	1543	3 	17	1	5
23	0	1543	4 	5	1	25
23	0	1543	5 	10	1	11
23	0	1543	6 	31	1	13
23	0	1543	7 	37	1	10
23	0	1543	8 	38	1	25
23	0	1543	9 	48	1	15
23	0	1543	10 	63	0	10
23	0	1544	1 	3	0	30
23	0	1544	2 	12	0	25
23	0	1544	3 	29	0	25
23	0	1544	4 	35	0	5
23	0	1544	5 	39	0	25
23	0	1544	6 	50	0	20
23	0	1544	7 	55	0	5
23	0	1544	8 	56	0	29
23	0	1544	9 	53	0	5
23	0	1544	10 	67	0	5
23	0	1545	1 	12	1	30
23	0	1545	2 	10	1	25
23	0	1545	3 	14	1	10
23	0	1545	4 	27	1	20
23	0	1545	5 	31	1	20
23	0	1545	6 	45	1	10
23	0	1545	7 	54	1	5
23	0	1545	9 	50	1	10
23	0	1545	10 	61	1	20
23	0	1546	1 	7	1	30
23	0	1546	2 	11	1	5
23	0	1546	3 	17	1	5
23	0	1546	4 	18	1	25
23	0	1546	5 	46	1	10
23	0	1546	6 	36	1	5
23	0	1546	7 	35	0	10
23	0	1546	8 	38	1	25
23	0	1546	9 	2	1	25
23	0	1546	10 	62	0	14
23	0	1547	1 	10	1	25
23	0	1547	2 	4	1	15
23	0	1547	3 	18	1	25
23	0	1547	4 	12	1	7
23	0	1547	5 	52	1	5
23	0	1547	6 	41	1	25
23	0	1547	7 	39	1	42
23	0	1547	8 	38	1	15
23	0	1547	9 	45	1	6
23	0	1547	10 	7	1	25
23	0	1548	1 	10	0	21
23	0	1548	2 	4	0	25
23	0	1548	3 	22	0	33
23	0	1548	4 	29	0	25
23	0	1548	5 	56	0	25
23	0	1548	6 	50	0	25
23	0	1548	7 	67	0	2
23	0	1549	1 	74	0	1
23	0	1549	2 	7	0	10
23	0	1549	3 	1	0	15
23	0	1549	4 	5	0	25
23	0	1549	5 	22	0	25
23	0	1549	6 	28	0	45
23	0	1549	7 	41	0	25
23	0	1549	8 	38	0	15
23	0	1549	9 	45	0	25
23	0	1549	10 	54	0	5
23	0	1550	1 	9	1	25
23	0	1550	2 	13	1	15
23	0	1550	3 	23	1	15
23	0	1550	4 	48	1	19
23	0	1550	5 	31	1	10
23	0	1550	6 	32	1	20
23	0	1550	7 	33	1	5
23	0	1550	8 	38	1	15
23	0	1550	9 	39	1	30
23	0	1550	10 	67	1	25
23	0	1551	1 	6	1	26
23	0	1551	2 	13	1	25
23	0	1551	3 	74	1	1
23	0	1551	4 	23	1	5
23	0	1551	5 	67	1	10
23	0	1551	6 	32	1	15
23	0	1551	7 	33	1	30
23	0	1551	8 	46	1	20
23	0	1551	9 	39	1	25
23	0	1551	10 	47	1	5
23	0	1552	1 	10	1	33
23	0	1552	2 	2	1	20
23	0	1552	3 	11	1	20
23	0	1552	4 	5	1	10
23	0	1552	5 	6	1	15
23	0	1552	6 	31	1	15
23	0	1552	7 	48	1	25
23	0	1552	8 	53	1	15
23	0	1552	9 	69	1	9
23	0	1553	1 	5	0	31
23	0	1553	2 	2	0	20
23	0	1553	4 	22	0	25
23	0	1553	5 	21	0	25
23	0	1553	6 	48	0	23
23	0	1553	7 	31	0	10
23	0	1553	8 	68	0	1
23	0	1553	9 	37	0	5
23	0	1553	10 	41	0	25
23	0	1555	1 	5	0	30
23	0	1555	2 	23	0	5
23	0	1555	3 	63	0	15
23	0	1555	4 	31	0	25
23	0	1555	5 	38	0	25
23	0	1555	6 	54	0	25
23	0	1555	7 	55	0	10
23	0	1555	8 	61	0	1
23	0	1555	9 	60	0	25
23	0	1555	10 	75	0	5
23	0	1556	1 	27	0	48
23	0	1556	2 	29	1	25
23	0	1556	3 	6	1	25
23	0	1556	4 	45	0	16
23	0	1556	5 	62	0	17
23	0	1556	6 	56	0	15
23	0	1556	7 	35	0	11
23	0	1556	8 	28	1	10
23	0	1556	9 	5	1	10
23	0	1556	10 	54	0	5
23	0	1557	1 	9	0	25
23	0	1557	2 	69	1	1
23	0	1557	3 	29	1	20
23	0	1557	4 	5	0	25
23	0	1557	5 	72	1	5
23	0	1557	6 	55	0	1
23	0	1557	7 	56	0	15
23	0	1557	8 	29	0	25
23	0	1557	9 	35	0	43
23	0	1557	10 	3	1	15
23	0	1558	1 	11	0	25
23	0	1558	2 	62	0	1
23	0	1558	3 	68	0	4
23	0	1558	4 	56	0	34
23	0	1558	5 	5	0	25
23	0	1558	6 	61	0	4
23	0	1558	7 	29	0	25
23	0	1558	8 	45	0	10
23	0	1558	9 	54	0	25
23	0	1558	10 	72	0	1
23	0	1559	1 	7	1	30
23	0	1559	2 	11	1	19
23	0	1560	1 	6	1	20
23	0	1560	2 	10	1	20
23	0	1560	3 	14	1	5
23	0	1560	4 	20	1	5
23	0	1560	5 	18	1	30
23	0	1560	6 	35	1	25
23	0	1560	7 	47	0	25
23	0	1560	8 	53	1	14
23	0	1560	9 	61	1	1
23	0	1562	1 	6	1	20
23	0	1562	2 	10	1	30
23	0	1562	3 	43	1	36
23	0	1562	4 	23	1	25
23	0	1562	5 	51	1	11
23	0	1562	6 	58	0	5
23	0	1562	7 	58	1	20
23	0	1562	8 	62	1	10
23	0	1562	9 	67	1	5
23	0	1563	1 	2	1	25
23	0	1563	2 	8	1	30
23	0	1563	3 	54	1	25
23	0	1563	4 	23	1	15
23	0	1563	5 	38	1	25
23	0	1563	6 	46	1	12
23	0	1563	7 	60	1	1
23	0	1563	8 	52	1	1
23	0	1563	9 	53	1	5
23	0	1563	10 	73	1	5
23	0	1566	1 	1	1	25
23	0	1566	2 	8	1	25
23	0	1566	3 	23	1	10
23	0	1566	4 	32	1	30
23	0	1566	5 	43	1	5
23	0	1566	6 	51	1	10
23	0	1566	7 	58	1	39
23	0	1566	8 	58	0	5
23	0	1566	9 	62	1	5
23	0	1566	10 	74	1	5
23	0	1567	1 	6	1	25
23	0	1567	2 	2	1	15
23	0	1567	3 	17	1	25
23	0	1567	5 	21	1	10
23	0	1567	6 	28	1	33
23	0	1567	7 	38	1	20
23	0	1567	8 	51	1	21
23	0	1567	9 	43	1	10
23	0	1567	10 	60	1	20
23	0	1568	1 	6	1	30
23	0	1568	2 	32	1	30
23	0	1568	3 	42	1	30
23	0	1568	4 	46	1	17
23	0	1568	5 	55	1	22
23	0	1568	6 	10	1	8
23	0	1568	7 	62	1	1
23	0	1569	1 	3	0	30
23	0	1569	3 	14	0	25
23	0	1569	4 	20	0	20
23	0	1569	5 	25	0	20
23	0	1569	6 	30	0	5
23	0	1569	7 	37	0	10
23	0	1569	8 	47	0	25
23	0	1569	9 	48	0	10
23	0	1572	1 	6	1	15
23	0	1572	2 	11	1	25
23	0	1572	3 	18	1	30
23	0	1572	4 	32	1	20
23	0	1572	5 	39	1	10
23	0	1572	6 	47	1	20
23	0	1572	7 	61	1	10
23	0	1572	8 	48	1	5
23	0	1572	9 	53	1	23
23	0	1572	10 	64	1	5
23	0	1574	1 	3	0	25
23	0	1574	2 	11	0	10
23	0	1574	3 	20	0	25
23	0	1574	4 	67	0	25
23	0	1574	5 	26	0	10
23	0	1574	6 	33	0	25
23	0	1574	7 	62	0	10
23	0	1574	8 	45	0	25
23	0	1574	9 	54	0	15
23	0	1574	10 	71	0	1
23	0	1575	1 	2	1	20
23	0	1575	2 	61	1	1
23	0	1575	3 	13	1	20
23	0	1575	4 	23	1	30
23	0	1575	5 	29	1	20
23	0	1575	6 	33	1	20
23	0	1575	7 	35	1	23
23	0	1575	8 	48	1	5
23	0	1575	9 	43	1	5
23	0	1575	10 	55	1	5
23	0	1576	1 	8	1	30
23	0	1576	2 	2	1	27
23	0	1576	3 	18	1	30
23	0	1577	1 	2	1	30
23	0	1577	2 	6	1	25
23	0	1577	3 	22	1	25
23	0	1577	4 	32	1	25
23	0	1577	5 	31	1	25
23	0	1577	6 	41	1	9
23	0	1577	7 	47	1	1
23	0	1577	8 	60	1	1
23	0	1578	1 	29	0	31
23	0	1578	2 	4	0	25
23	0	1578	3 	21	0	20
23	0	1578	4 	43	0	25
23	0	1578	5 	51	0	15
23	0	1578	6 	71	0	1
23	0	1578	7 	39	0	10
23	0	1578	8 	67	0	10
23	0	1578	9 	41	0	5
23	0	1578	10 	61	0	14
23	0	1579	1 	12	0	25
23	0	1579	2 	5	0	17
23	0	1579	3 	12	1	11
23	0	1579	4 	26	0	15
23	0	1579	5 	33	0	31
23	0	1579	6 	31	0	20
23	0	1579	7 	46	0	21
23	0	1579	8 	63	1	19
23	0	1579	9 	61	1	9
23	0	1582	1 	12	0	15
23	0	1582	2 	3	0	25
23	0	1582	3 	41	0	25
23	0	1582	4 	21	0	20
23	0	1582	5 	48	0	20
23	0	1582	6 	26	0	5
23	0	1582	7 	29	0	25
23	0	1582	8 	56	0	22
23	0	1582	9 	62	0	1
23	0	1582	10 	60	0	1
23	0	1583	1 	12	0	30
23	0	1583	2 	11	0	30
23	0	1583	3 	29	0	30
23	0	1583	4 	42	0	8
23	0	1583	5 	48	0	26
23	0	1583	6 	55	0	5
23	0	1583	7 	35	0	5
23	0	1583	8 	61	0	1
23	0	1585	1 	6	1	36
23	0	1585	2 	8	1	10
23	0	1585	3 	3	1	10
23	0	1585	4 	29	1	15
23	0	1585	5 	10	1	25
23	0	1585	6 	41	1	25
23	0	1585	7 	53	1	8
23	0	1585	8 	74	1	10
23	0	1586	1 	10	1	25
23	0	1586	2 	4	1	15
23	0	1586	3 	13	1	25
23	0	1586	4 	55	1	8
23	0	1586	5 	61	1	5
23	0	1586	6 	31	1	5
23	0	1586	7 	1	1	25
23	0	1586	8 	39	1	25
23	0	1586	9 	53	1	15
23	0	1586	10 	58	1	1
23	0	1587	1 	3	0	30
23	0	1587	2 	12	0	20
23	0	1587	3 	21	0	25
23	0	1587	4 	38	0	20
23	0	1587	5 	54	0	20
23	0	1587	6 	46	0	25
23	0	1587	7 	56	0	20
23	0	1588	1 	8	1	30
23	0	1588	2 	18	1	25
23	0	1588	3 	53	1	5
23	0	1588	4 	27	0	20
23	0	1588	5 	27	1	10
23	0	1588	6 	35	0	10
23	0	1588	7 	68	1	5
23	0	1588	8 	38	1	25
23	0	1588	10 	54	1	43
23	0	1590	1 	2	1	21
23	0	1590	2 	5	1	25
23	0	1590	3 	13	1	48
23	0	1590	4 	18	1	1
23	0	1590	5 	51	1	25
23	0	1590	6 	64	1	3
23	0	1590	7 	62	1	5
23	0	1593	1 	1	1	16
23	0	1593	2 	7	1	33
23	0	1593	3 	5	0	15
23	0	1593	4 	23	1	25
23	0	1593	5 	29	0	14
23	0	1593	6 	33	0	15
23	0	1593	7 	70	1	10
23	0	1593	8 	55	0	25
23	0	1593	9 	51	1	10
23	0	1593	10 	58	0	5
23	0	1594	1 	2	1	20
23	0	1594	2 	5	1	20
23	0	1594	3 	18	1	30
23	0	1594	4 	23	1	30
23	0	1596	1 	51	0	30
23	0	1596	2 	1	0	25
23	0	1596	3 	18	0	25
23	0	1596	4 	33	0	25
23	0	1596	5 	67	0	10
23	0	1596	6 	62	0	11
23	0	1596	7 	3	0	15
23	0	1596	8 	12	0	15
23	0	1596	9 	38	0	5
23	0	1596	10 	71	0	5
23	0	1597	1 	8	1	30
23	0	1597	2 	58	1	5
23	0	1597	3 	10	1	25
23	0	1597	4 	18	1	25
23	0	1597	5 	72	1	14
23	0	1597	6 	32	1	15
23	0	1597	7 	33	1	6
23	0	1597	8 	38	1	10
23	0	1597	9 	42	1	10
23	0	1597	10 	39	1	25
23	0	1598	1 	11	0	20
23	0	1598	2 	53	0	5
23	0	1598	3 	13	0	25
23	0	1598	4 	1	0	5
23	0	1598	5 	31	0	15
23	0	1598	6 	22	0	25
23	0	1598	7 	61	0	5
23	0	1598	8 	29	0	35
23	0	1598	9 	55	0	8
23	0	1598	10 	63	0	25
23	0	1599	1 	10	0	25
23	0	1599	2 	4	0	15
23	0	1599	3 	61	0	10
23	0	1599	4 	23	0	39
23	0	1599	5 	26	0	5
23	0	1599	6 	29	0	25
23	0	1599	7 	33	0	12
23	0	1599	8 	48	0	10
23	0	1599	9 	35	0	10
23	0	1602	1 	11	1	25
23	0	1602	2 	6	1	5
23	0	1602	3 	13	1	27
23	0	1602	4 	23	1	10
23	0	1602	5 	29	1	10
23	0	1602	6 	33	1	5
23	0	1602	7 	42	1	15
23	0	1602	8 	43	1	36
23	0	1602	9 	55	1	5
23	0	1602	10 	35	1	20
23	0	1603	1 	12	1	30
23	0	1603	2 	3	1	25
23	0	1603	3 	10	1	20
23	0	1603	4 	7	1	20
23	0	1603	5 	12	0	10
23	0	1603	6 	3	0	10
23	0	1605	1 	8	1	30
23	0	1605	2 	7	1	20
23	0	1605	3 	10	1	10
23	0	1605	4 	27	1	15
23	0	1605	5 	30	1	20
23	0	1605	6 	32	1	25
23	0	1605	7 	43	1	25
23	0	1605	8 	48	1	1
23	0	1606	1 	1	1	34
23	0	1606	2 	20	1	20
23	0	1606	3 	18	1	36
23	0	1606	4 	29	1	20
23	0	1606	5 	62	1	5
23	0	1606	6 	32	1	10
23	0	1606	7 	7	1	10
23	0	1606	8 	38	1	5
23	0	1606	9 	53	1	10
23	0	1606	10 	54	1	6
23	0	1607	1 	12	1	34
23	0	1607	2 	9	1	15
23	0	1607	3 	13	1	15
23	0	1607	4 	14	1	25
23	0	1607	5 	17	1	18
23	0	1607	6 	67	1	11
23	0	1607	7 	20	1	10
23	0	1607	8 	29	1	20
23	0	1607	9 	23	1	25
23	0	1607	10 	33	1	20
23	0	1609	1 	3	0	34
23	0	1609	2 	6	0	25
23	0	1609	3 	14	0	15
23	0	1609	4 	50	0	15
23	0	1609	5 	23	0	25
23	0	1609	6 	5	1	10
23	0	1609	7 	38	0	5
23	0	1609	8 	9	0	10
23	0	1609	9 	62	0	10
23	0	1609	10 	35	0	5
23	0	1610	1 	12	0	30
23	0	1610	2 	5	0	20
23	0	1610	3 	4	0	20
23	0	1610	4 	23	0	30
23	0	1611	1 	9	0	15
23	0	1611	2 	5	1	10
23	0	1611	3 	20	1	25
23	0	1611	4 	47	1	5
23	0	1611	5 	9	1	25
23	0	1611	6 	38	1	25
23	0	1611	7 	32	1	5
23	0	1611	8 	35	0	20
23	0	1611	9 	7	1	25
23	0	1611	10 	72	1	5
23	0	1612	1 	10	1	33
23	0	1612	2 	14	1	11
23	0	1612	3 	35	0	5
23	0	1612	4 	23	1	25
23	0	1612	5 	53	1	11
23	0	1612	6 	58	1	5
23	0	1612	7 	27	1	25
23	0	1612	8 	36	1	5
23	0	1612	9 	62	1	6
23	0	1612	10 	37	1	25
23	0	1613	1 	5	1	30
23	0	1613	2 	5	0	25
23	0	1613	3 	22	0	10
23	0	1613	4 	52	0	10
23	0	1613	5 	38	0	15
23	0	1613	6 	7	0	25
23	0	1613	7 	46	0	12
23	0	1613	8 	45	0	25
23	0	1613	9 	55	0	5
23	0	1613	10 	63	1	1
23	0	1615	1 	2	1	30
23	0	1615	2 	6	0	10
23	0	1615	3 	20	1	25
23	0	1615	4 	5	0	25
23	0	1615	5 	47	0	5
23	0	1615	6 	47	1	25
23	0	1615	7 	35	0	19
23	0	1615	8 	62	0	1
23	0	1616	1 	18	1	30
23	0	1616	2 	10	1	30
23	0	1616	3 	56	0	5
23	0	1616	4 	48	1	5
23	0	1616	5 	46	1	10
23	0	1616	6 	47	1	23
23	0	1616	7 	29	1	10
23	0	1616	8 	38	1	10
23	0	1616	9 	53	1	5
23	0	1616	10 	54	1	5
23	0	1620	1 	9	0	25
23	0	1620	2 	12	0	5
23	0	1620	3 	1	0	25
23	0	1620	4 	22	0	34
23	0	1620	5 	31	0	10
23	0	1620	6 	38	0	15
23	0	1620	7 	63	0	5
23	0	1620	8 	73	0	5
23	0	1620	9 	48	0	25
23	0	1620	10 	56	0	15
23	0	1621	1 	11	0	25
23	0	1621	2 	1	0	5
23	0	1621	3 	4	0	12
23	0	1621	4 	8	0	30
23	0	1621	5 	46	0	28
23	0	1621	6 	43	0	10
23	0	1621	7 	61	0	10
23	0	1622	1 	4	1	32
23	0	1622	2 	10	1	25
23	0	1622	3 	15	0	20
23	0	1622	4 	21	1	21
23	0	1622	5 	38	1	20
23	0	1622	6 	47	1	15
23	0	1622	7 	61	1	5
23	0	1623	1 	2	1	30
23	0	1623	2 	5	1	10
23	0	1623	3 	31	1	27
23	0	1623	4 	32	1	15
23	0	1623	5 	46	1	32
23	0	1623	6 	51	1	15
23	0	1623	7 	63	1	1
23	0	1624	1 	2	1	25
23	0	1624	2 	9	1	5
23	0	1624	3 	31	1	48
23	0	1624	4 	11	1	10
23	0	1624	5 	17	1	20
23	0	1624	6 	21	1	5
23	0	1624	7 	45	0	15
23	0	1624	8 	29	0	25
23	0	1624	9 	35	0	10
23	0	1624	10 	3	1	25
23	0	1625	1 	10	1	35
23	0	1625	2 	7	1	25
23	0	1625	3 	13	0	17
23	0	1625	4 	18	1	25
23	0	1625	5 	38	1	10
23	0	1625	6 	42	1	5
23	0	1627	1 	8	0	30
23	0	1627	2 	9	0	30
23	0	1627	3 	42	0	30
23	0	1627	4 	51	0	15
23	0	1627	5 	55	0	15
23	0	1627	6 	35	0	17
23	0	1629	1 	10	1	20
23	0	1629	2 	7	1	25
23	0	1629	3 	53	1	37
23	0	1629	4 	18	1	25
23	0	1629	5 	17	1	18
23	0	1629	6 	35	0	10
23	0	1629	7 	74	1	16
23	0	1629	8 	70	1	5
23	0	1629	9 	45	1	6
23	0	1629	10 	38	1	20
23	0	1634	1 	11	0	20
23	0	1634	2 	56	1	5
23	0	1634	3 	69	0	5
23	0	1634	4 	28	1	10
23	0	1634	5 	20	0	25
23	0	1634	6 	62	1	5
23	0	1634	7 	26	0	15
23	0	1634	8 	31	1	42
23	0	1634	9 	46	1	25
23	0	1634	10 	35	0	10
23	0	1636	1 	8	1	37
23	0	1636	2 	69	1	7
23	0	1636	3 	5	1	10
23	0	1636	4 	19	0	15
23	0	1636	5 	23	1	12
23	0	1636	6 	29	1	10
23	0	1636	7 	36	1	15
23	0	1636	8 	33	1	25
23	0	1636	9 	34	1	20
23	0	1636	10 	46	1	15
23	0	1637	1 	8	1	30
23	0	1637	2 	5	0	20
23	0	1637	3 	32	1	25
23	0	1637	4 	38	1	25
23	0	1637	5 	37	1	5
23	0	1637	6 	46	1	25
23	0	1637	7 	47	1	5
23	0	1637	8 	53	1	11
23	0	1637	9 	55	1	1
23	0	1638	1 	6	0	25
23	0	1638	2 	22	0	23
23	0	1638	3 	3	0	25
23	0	1638	4 	20	0	25
23	0	1638	5 	5	0	25
23	0	1638	6 	26	0	25
23	0	1638	7 	35	0	10
23	0	1638	8 	47	0	5
23	0	1638	9 	63	1	25
23	0	1639	1 	11	0	40
23	0	1639	2 	5	0	25
23	0	1639	3 	42	0	4
23	0	1639	4 	41	0	25
23	0	1639	5 	47	0	4
23	0	1639	6 	48	0	15
23	0	1639	7 	54	0	13
23	0	1639	8 	55	0	5
23	0	1639	9 	56	0	2
23	0	1640	1 	48	1	14
23	0	1640	2 	8	1	33
23	0	1640	3 	6	1	20
23	0	1640	4 	42	1	25
23	0	1640	5 	31	1	15
23	0	1640	6 	54	1	15
23	0	1640	7 	55	1	25
23	0	1641	1 	41	1	31
23	0	1641	2 	5	1	25
23	0	1641	3 	6	1	28
23	0	1641	4 	12	1	10
23	0	1641	5 	31	1	25
23	0	1641	6 	47	1	4
23	0	1641	7 	61	1	1
23	0	1641	8 	62	1	4
23	0	1641	10 	35	0	10
23	0	1642	1 	6	0	25
23	0	1642	2 	23	0	25
23	0	1642	3 	5	0	15
23	0	1642	4 	1	0	10
23	0	1642	5 	62	0	10
23	0	1642	6 	55	0	21
23	0	1642	7 	45	0	25
23	0	1642	8 	7	0	25
23	0	1642	9 	47	0	5
23	0	1642	10 	35	0	10
23	0	1643	1 	4	0	25
23	0	1643	2 	35	0	1
23	0	1643	3 	9	0	20
23	0	1643	4 	5	0	15
23	0	1643	5 	41	0	30
23	0	1643	6 	62	0	37
23	0	1643	7 	67	0	1
23	0	1643	8 	55	0	10
23	0	1643	9 	72	0	1
23	0	1643	10 	45	0	15
23	0	1646	1 	5	0	25
23	0	1646	2 	47	0	10
23	0	1646	3 	1	0	10
23	0	1646	4 	23	0	25
23	0	1646	5 	30	0	10
23	0	1646	6 	58	0	1
23	0	1646	7 	38	0	39
23	0	1646	8 	41	0	15
23	0	1646	9 	56	0	25
23	0	1646	10 	71	0	10
23	0	1647	1 	9	0	20
23	0	1647	2 	12	0	20
23	0	1647	3 	9	1	20
23	0	1647	4 	10	0	20
23	0	1647	5 	26	0	25
23	0	1647	6 	46	0	20
23	0	1647	7 	48	0	20
23	0	1647	8 	64	0	5
23	0	1647	9 	53	0	10
23	0	1649	1 	6	0	30
23	0	1649	2 	52	0	12
23	0	1649	3 	5	0	25
23	0	1649	4 	38	0	35
23	0	1649	5 	34	0	20
23	0	1649	6 	45	0	15
23	0	1649	7 	48	0	5
23	0	1649	8 	56	0	5
23	0	1649	9 	64	0	10
23	0	1649	10 	62	0	10
23	0	1650	1 	9	1	25
23	0	1650	2 	45	0	10
23	0	1650	3 	38	1	25
23	0	1650	4 	35	0	5
23	0	1650	5 	17	1	20
23	0	1650	6 	18	1	15
23	0	1650	7 	3	1	16
23	0	1650	8 	29	0	25
23	0	1650	9 	31	1	43
23	0	1650	10 	12	1	10
23	0	1651	1 	11	1	25
23	0	1651	2 	74	1	1
23	0	1651	3 	12	1	5
23	0	1651	4 	59	1	10
23	0	1651	5 	4	1	5
23	0	1651	6 	48	1	33
23	0	1651	7 	58	1	16
23	0	1651	8 	8	1	20
23	0	1651	9 	1	1	15
23	0	1651	10 	2	1	20
23	0	1653	1 	3	0	20
23	0	1653	2 	2	0	15
23	0	1653	3 	17	0	30
23	0	1653	4 	23	0	10
23	0	1653	5 	41	0	33
23	0	1653	6 	38	0	5
23	0	1653	7 	46	0	5
23	0	1653	8 	43	0	10
23	0	1653	9 	51	0	5
23	0	1653	10 	63	0	25
23	0	1654	1 	10	0	25
23	0	1654	2 	3	0	15
23	0	1654	3 	1	0	25
23	0	1654	4 	38	0	25
23	0	1654	5 	4	0	25
23	0	1654	6 	56	0	25
23	0	1655	1 	12	1	25
23	0	1655	2 	13	1	25
23	0	1655	3 	4	1	20
23	0	1655	4 	18	1	15
23	0	1655	5 	33	1	36
23	0	1655	6 	29	1	20
23	0	1655	7 	38	1	10
23	0	1655	8 	62	1	5
23	0	1655	9 	56	1	13
23	0	1655	10 	55	0	5
23	0	1657	1 	11	1	30
23	0	1657	2 	55	1	4
23	0	1657	3 	31	1	40
23	0	1657	4 	28	1	30
23	0	1657	5 	68	1	1
23	0	1657	6 	46	1	11
23	0	1657	7 	53	1	4
23	0	1657	8 	62	1	4
23	0	1660	1 	6	1	30
23	0	1660	2 	13	1	20
23	0	1660	3 	23	1	25
23	0	1660	4 	31	1	15
23	0	1660	5 	3	0	5
23	0	1660	6 	4	1	15
23	0	1660	7 	45	1	22
23	0	1660	8 	39	1	25
23	0	1660	10 	63	1	15
23	0	1661	1 	3	0	35
23	0	1661	3 	10	0	34
23	0	1662	1 	6	0	30
23	0	1662	2 	45	0	25
23	0	1662	3 	62	0	5
23	0	1662	4 	70	0	5
23	0	1662	5 	55	0	25
23	0	1662	6 	29	0	25
23	0	1662	7 	47	0	11
23	0	1662	8 	31	1	5
23	0	1662	9 	37	0	5
23	0	1662	10 	39	0	5
23	0	1663	1 	7	1	25
23	0	1663	2 	2	1	5
23	0	1663	3 	13	1	30
23	0	1663	4 	1	0	5
23	0	1663	5 	23	0	15
23	0	1663	6 	5	1	10
23	0	1663	7 	39	1	25
23	0	1663	8 	51	1	10
23	0	1663	9 	53	1	14
23	0	1664	1 	6	1	25
23	0	1664	2 	7	1	25
23	0	1664	3 	18	1	33
23	0	1664	4 	19	1	25
23	0	1664	5 	28	1	5
23	0	1664	6 	67	1	5
23	0	1664	7 	34	1	10
23	0	1664	8 	41	1	25
23	0	1664	9 	63	1	5
23	0	1664	10 	62	1	6
23	0	1665	1 	6	0	25
23	0	1665	2 	11	0	15
23	0	1665	3 	20	0	10
23	0	1665	4 	21	0	37
23	0	1665	5 	26	0	22
23	0	1665	6 	29	0	10
23	0	1665	7 	47	0	25
23	0	1665	8 	55	0	10
23	0	1665	9 	72	0	10
23	0	1666	1 	2	1	40
23	0	1666	2 	1	1	15
23	0	1666	3 	13	1	10
23	0	1666	4 	14	1	10
23	0	1666	5 	17	1	5
23	0	1666	6 	5	1	10
23	0	1666	7 	18	1	20
23	0	1666	8 	28	1	15
23	0	1666	9 	42	1	15
23	0	1666	10 	38	1	5
23	0	1669	1 	5	1	25
23	0	1669	2 	2	1	39
23	0	1669	3 	20	1	15
23	0	1669	4 	18	1	15
23	0	1669	5 	2	0	15
23	0	1669	6 	46	1	10
23	0	1669	7 	33	1	21
23	0	1669	8 	35	0	20
23	0	1669	9 	42	1	10
23	0	1669	10 	54	1	15
23	0	1671	1 	12	1	20
23	0	1671	2 	8	1	15
23	0	1671	3 	18	1	15
23	0	1671	4 	26	1	10
23	0	1671	5 	29	1	29
23	0	1671	6 	32	1	25
23	0	1671	7 	42	1	15
23	0	1671	8 	38	1	16
23	0	1671	9 	47	1	5
23	0	1671	10 	54	1	25
23	0	1672	1 	3	0	30
23	0	1672	2 	12	0	30
23	0	1672	3 	31	0	20
23	0	1672	4 	48	0	29
23	0	1673	1 	2	0	30
23	0	1673	2 	5	0	25
23	0	1673	3 	13	0	25
23	0	1673	4 	29	0	25
23	0	1673	5 	41	0	5
23	0	1673	6 	38	0	25
23	0	1673	7 	47	0	10
23	0	1673	8 	58	0	5
23	0	1673	9 	52	0	5
23	0	1675	1 	6	0	25
23	0	1675	2 	63	0	10
23	0	1675	3 	5	0	15
23	0	1675	4 	38	0	44
23	0	1675	5 	22	0	25
23	0	1675	6 	62	0	10
23	0	1675	7 	70	0	1
23	0	1675	8 	29	0	25
23	0	1675	9 	31	0	10
23	0	1675	10 	72	0	1
23	0	1676	1 	10	1	30
23	0	1676	2 	1	1	27
23	0	1676	3 	8	1	15
23	0	1676	4 	4	1	15
23	0	1677	1 	10	0	35
23	0	1677	2 	11	0	10
23	0	1677	3 	1	0	10
23	0	1677	4 	21	0	10
23	0	1677	5 	31	0	25
23	0	1677	6 	6	0	25
23	0	1678	1 	5	0	30
23	0	1678	2 	11	0	10
23	0	1678	3 	6	0	29
23	0	1678	4 	1	0	5
23	0	1678	5 	7	0	5
23	0	1678	6 	61	0	1
23	0	1679	1 	6	1	36
23	0	1679	2 	18	1	25
23	0	1679	3 	31	1	15
23	0	1679	4 	42	1	15
23	0	1679	5 	2	1	5
23	0	1679	6 	46	1	20
23	0	1679	7 	53	1	20
23	0	1679	8 	58	1	11
23	0	1679	9 	68	1	5
23	0	1679	10 	73	1	5
23	0	1680	1 	1	0	25
23	0	1680	2 	7	0	25
23	0	1680	3 	55	0	5
23	0	1680	4 	23	0	20
23	0	1680	5 	5	0	15
23	0	1680	6 	28	0	5
23	0	1680	7 	38	0	41
23	0	1680	8 	39	0	5
23	0	1680	9 	54	0	10
23	0	1680	10 	51	0	15
23	0	1681	1 	6	1	25
23	0	1681	2 	9	1	10
23	0	1681	3 	14	1	5
23	0	1681	4 	71	1	5
23	0	1681	5 	69	1	5
23	0	1681	6 	56	0	16
23	0	1681	7 	23	1	20
23	0	1681	8 	29	0	25
23	0	1681	9 	35	0	45
23	0	1681	10 	3	1	20
23	0	1682	1 	7	0	25
23	0	1682	2 	5	0	15
23	0	1682	3 	73	0	6
23	0	1682	4 	22	0	43
23	0	1682	5 	52	0	25
23	0	1682	6 	1	0	6
23	0	1682	7 	34	0	25
23	0	1682	8 	9	0	11
23	0	1682	9 	76	0	1
23	0	1682	10 	71	0	25
23	0	1685	1 	12	1	27
23	0	1685	2 	63	1	10
23	0	1685	3 	23	1	25
23	0	1685	4 	31	1	5
23	0	1685	5 	10	1	25
23	0	1685	6 	38	1	10
23	0	1685	7 	39	1	25
23	0	1685	8 	43	1	15
23	0	1685	9 	61	1	32
23	0	1685	10 	62	1	4
23	0	1686	1 	3	1	32
23	0	1686	2 	13	1	24
23	0	1686	3 	11	1	16
23	0	1686	5 	9	1	15
23	0	1686	6 	26	1	15
23	0	1686	7 	32	1	30
23	0	1687	1 	2	1	30
23	0	1687	2 	18	1	30
23	0	1687	3 	8	1	25
23	0	1687	4 	31	1	25
23	0	1688	1 	10	1	30
23	0	1688	2 	13	1	10
23	0	1688	3 	14	1	10
23	0	1688	4 	17	1	25
23	0	1688	5 	31	1	15
23	0	1688	6 	37	1	25
23	0	1688	7 	38	1	5
23	0	1688	8 	48	1	25
23	0	1688	9 	63	1	5
23	0	1690	1 	10	1	31
23	0	1690	2 	60	0	5
23	0	1690	3 	29	1	25
23	0	1690	4 	26	1	10
23	0	1690	5 	27	0	25
23	0	1690	6 	50	1	5
23	0	1690	7 	35	0	5
23	0	1690	8 	52	1	5
23	0	1690	9 	56	1	5
23	0	1690	10 	56	0	41
23	0	1691	1 	12	0	15
23	0	1691	2 	3	0	27
23	0	1691	3 	5	0	15
23	0	1691	4 	61	0	10
23	0	1691	5 	15	0	20
23	0	1691	8 	23	0	20
23	0	1691	9 	27	0	30
23	0	1691	10 	33	0	20
23	0	1692	1 	10	1	30
23	0	1692	2 	12	0	20
23	0	1692	3 	10	0	20
23	0	1692	4 	3	1	30
23	0	1694	1 	7	1	30
23	0	1694	2 	10	1	20
23	0	1694	3 	23	1	30
23	0	1694	4 	36	1	20
23	0	1694	5 	31	1	10
23	0	1694	6 	35	0	29
23	0	1694	7 	47	1	20
23	0	1694	8 	72	1	6
23	0	1695	1 	10	1	25
23	0	1695	2 	11	1	25
23	0	1695	3 	27	1	25
23	0	1695	4 	35	1	23
23	0	1695	5 	39	1	25
23	0	1695	6 	50	1	15
23	0	1695	7 	53	1	25
23	0	1696	1 	11	0	25
23	0	1696	2 	1	0	25
23	0	1696	3 	8	0	30
23	0	1696	4 	7	0	25
23	0	1697	1 	5	0	30
23	0	1697	2 	21	0	25
23	0	1697	3 	62	0	10
23	0	1697	4 	22	0	20
23	0	1697	5 	56	0	12
23	0	1697	6 	32	0	15
23	0	1697	7 	33	0	25
23	0	1697	8 	38	0	10
23	0	1697	9 	39	0	10
23	0	1697	10 	54	0	10
23	0	1700	1 	1	0	20
23	0	1700	2 	5	0	15
23	0	1700	3 	18	0	16
23	0	1700	4 	22	0	15
23	0	1700	5 	7	0	25
23	0	1700	6 	55	0	10
23	0	1700	7 	53	0	25
23	0	1700	8 	38	0	33
23	0	1700	9 	45	0	10
23	0	1700	10 	54	0	5
23	0	1701	1 	9	0	30
23	0	1701	2 	13	0	20
23	0	1701	3 	14	0	5
23	0	1701	4 	20	0	5
23	0	1701	5 	55	0	25
23	0	1701	6 	31	0	25
23	0	1701	7 	34	0	5
23	0	1701	8 	28	0	25
23	0	1701	9 	54	0	5
23	0	1701	10 	67	0	5
23	0	1702	1 	6	0	15
23	0	1702	2 	11	0	20
23	0	1702	3 	21	0	25
23	0	1702	4 	28	0	25
23	0	1702	5 	69	0	12
23	0	1702	6 	60	0	3
23	0	1702	7 	38	0	30
23	0	1702	8 	35	0	17
23	0	1702	9 	7	0	20
23	0	1702	10 	67	0	1
23	0	1704	1 	7	1	25
23	0	1704	2 	11	1	25
23	0	1704	3 	22	1	25
23	0	1704	4 	46	1	5
23	0	1704	5 	51	0	15
23	0	1704	6 	74	1	5
23	0	1704	7 	56	1	10
23	0	1704	8 	39	1	25
23	0	1704	9 	38	1	20
23	0	1704	10 	53	1	13
23	0	1705	1 	2	1	25
23	0	1705	2 	1	1	15
23	0	1705	3 	29	1	20
23	0	1705	4 	22	1	25
23	0	1705	5 	32	1	25
23	0	1705	6 	38	1	14
23	0	1705	7 	35	1	25
23	0	1705	8 	48	1	12
23	0	1705	9 	60	1	10
23	0	1707	1 	12	0	36
23	0	1707	2 	6	0	25
23	0	1707	3 	13	0	5
23	0	1707	4 	14	0	5
23	0	1707	5 	17	0	30
23	0	1707	6 	18	0	5
23	0	1707	7 	28	0	5
23	0	1707	8 	38	0	20
23	0	1707	9 	46	0	5
23	0	1707	10 	56	0	5
23	0	1709	1 	3	0	20
23	0	1709	2 	11	0	10
23	0	1709	3 	6	0	10
23	0	1709	4 	17	0	25
23	0	1709	5 	46	0	7
23	0	1709	6 	67	1	1
23	0	1709	7 	26	0	42
23	0	1709	8 	62	0	25
23	0	1709	9 	35	0	10
23	0	1709	10 	45	0	10
23	0	1710	1 	4	0	30
23	0	1710	2 	1	0	5
23	0	1710	3 	35	0	5
23	0	1710	4 	62	0	10
23	0	1710	5 	9	0	10
23	0	1710	6 	52	0	14
23	0	1710	7 	38	0	40
23	0	1710	8 	55	0	5
23	0	1710	9 	50	0	10
23	0	1710	10 	72	0	1
23	0	1711	1 	3	1	25
23	0	1711	2 	7	1	25
23	0	1711	3 	18	1	30
23	0	1711	4 	38	1	25
23	0	1711	5 	70	1	16
23	0	1711	6 	46	1	25
23	0	1711	7 	56	1	10
23	0	1711	8 	41	1	5
23	0	1711	9 	62	1	1
23	0	1711	10 	52	1	1
23	0	1714	1 	3	0	25
23	0	1714	2 	45	0	18
23	0	1714	3 	68	0	1
23	0	1714	4 	55	0	15
23	0	1714	5 	67	0	5
23	0	1714	6 	29	0	30
23	0	1714	7 	21	0	5
23	0	1714	8 	34	0	25
23	0	1714	9 	32	0	25
23	0	1714	10 	56	0	1
23	0	1715	1 	5	0	25
23	0	1715	2 	13	0	22
23	0	1715	3 	20	0	25
23	0	1715	4 	17	0	25
23	0	1715	5 	1	1	5
23	0	1715	6 	68	0	1
23	0	1715	7 	11	0	10
23	0	1715	8 	45	0	30
23	0	1715	9 	47	0	25
23	0	1715	10 	55	0	10
23	0	1716	1 	11	1	51
23	0	1718	1 	9	1	15
23	0	1718	2 	14	1	34
23	0	1718	3 	35	0	5
23	0	1718	4 	67	1	21
23	0	1718	5 	47	1	5
23	0	1718	6 	29	1	25
23	0	1718	7 	12	1	10
23	0	1718	8 	53	1	5
23	0	1718	9 	33	1	25
23	0	1718	10 	31	1	25
23	0	1719	1 	6	1	20
23	0	1719	2 	13	1	10
23	0	1719	3 	18	1	30
23	0	1719	4 	72	1	5
23	0	1719	5 	27	1	15
23	0	1719	6 	35	0	15
23	0	1719	7 	39	1	25
23	0	1719	8 	41	1	5
23	0	1719	9 	38	1	25
23	0	1719	10 	53	1	29
23	0	1720	1 	1	0	15
23	0	1720	2 	5	0	20
23	0	1720	3 	21	0	25
23	0	1720	4 	26	0	10
23	0	1720	5 	29	0	5
23	0	1720	6 	38	0	25
23	0	1720	7 	41	0	25
23	0	1720	8 	47	0	25
23	0	1720	9 	53	0	22
23	0	1720	10 	72	0	1
23	0	1721	1 	6	1	25
23	0	1721	2 	14	1	25
23	0	1721	3 	47	1	8
23	0	1721	4 	41	1	7
23	0	1721	5 	21	1	20
23	0	1721	6 	53	1	25
23	0	1721	7 	33	1	20
23	0	1721	8 	11	1	20
23	0	1721	9 	31	1	20
23	0	1722	1 	3	0	30
23	0	1722	2 	9	0	25
23	0	1723	1 	5	0	30
23	0	1723	2 	31	0	25
23	0	1723	3 	38	0	25
23	0	1723	4 	47	0	25
23	0	1723	5 	11	0	15
23	0	1723	6 	55	0	11
23	0	1723	7 	35	0	1
23	0	1724	1 	1	1	30
23	0	1724	2 	2	1	25
23	0	1724	3 	8	1	20
23	0	1724	4 	43	1	37
23	0	1725	1 	6	1	30
23	0	1725	2 	12	1	10
23	0	1725	3 	62	1	15
23	0	1725	4 	23	1	5
23	0	1725	5 	36	1	25
23	0	1725	6 	38	1	25
23	0	1725	7 	45	1	34
23	0	1725	8 	46	1	15
23	0	1725	9 	47	1	5
23	0	1726	1 	6	0	27
23	0	1726	2 	62	0	5
23	0	1726	3 	4	0	5
23	0	1726	4 	23	0	35
23	0	1726	5 	36	0	25
23	0	1726	6 	38	0	25
23	0	1726	7 	45	0	25
23	0	1726	8 	46	0	5
23	0	1726	9 	47	0	5
23	0	1727	1 	1	0	20
23	0	1727	2 	11	0	15
23	0	1727	3 	21	0	20
23	0	1727	4 	28	1	5
23	0	1727	5 	36	0	20
23	0	1727	6 	38	0	20
23	0	1727	7 	35	0	30
23	0	1727	8 	63	0	28
23	0	1728	1 	10	1	25
23	0	1728	2 	4	1	20
23	0	1728	3 	21	0	25
23	0	1728	4 	36	1	25
23	0	1728	5 	36	0	10
23	0	1728	6 	54	1	20
23	0	1728	7 	53	1	5
23	0	1728	8 	62	1	28
23	0	1728	9 	52	0	1
23	0	1729	1 	62	0	10
23	0	1729	2 	35	0	5
23	0	1729	3 	5	0	25
23	0	1729	4 	22	0	25
23	0	1729	5 	21	0	27
23	0	1729	6 	74	0	1
23	0	1729	7 	53	0	5
23	0	1729	8 	9	0	10
23	0	1729	9 	45	0	20
23	0	1729	10 	56	0	25
23	0	1731	1 	8	1	20
23	0	1731	2 	18	1	30
23	0	1731	3 	72	1	10
23	0	1731	4 	58	1	25
23	0	1731	5 	32	1	20
23	0	1731	6 	27	1	10
23	0	1731	7 	38	1	25
23	0	1731	8 	5	1	3
23	0	1731	9 	47	1	25
23	0	1731	10 	52	1	5
23	0	1732	1 	1	1	33
23	0	1732	2 	13	1	25
23	0	1732	3 	20	1	14
23	0	1732	4 	27	1	20
23	0	1732	5 	47	1	10
23	0	1732	6 	47	0	20
23	0	1732	7 	62	1	15
23	0	1733	1 	11	0	36
23	0	1733	2 	1	0	10
23	0	1733	3 	51	0	13
23	0	1733	4 	23	0	5
23	0	1733	5 	31	0	15
23	0	1733	7 	27	0	15
23	0	1733	8 	63	0	20
23	0	1733	9 	38	0	15
23	0	1733	10 	54	0	15
23	0	1734	1 	2	1	61
23	0	1735	1 	2	1	30
23	0	1735	2 	18	1	26
23	0	1735	3 	38	1	25
23	0	1735	4 	31	1	15
23	0	1735	5 	5	1	5
23	0	1735	6 	54	1	10
23	0	1735	7 	43	1	25
23	0	1735	8 	60	1	11
23	0	1735	9 	48	1	1
23	0	1735	10 	53	1	5
23	0	1736	1 	3	0	30
23	0	1736	2 	5	0	15
23	0	1736	3 	23	0	25
23	0	1736	4 	32	0	20
23	0	1736	5 	35	0	25
23	0	1736	6 	48	0	5
23	0	1736	7 	62	0	15
23	0	1737	1 	3	0	30
23	0	1737	2 	10	0	15
23	0	1737	3 	5	0	25
23	0	1737	4 	31	0	25
23	0	1737	5 	38	0	25
23	0	1737	6 	43	0	18
23	0	1737	7 	62	0	11
23	0	1738	1 	6	0	25
23	0	1738	2 	10	0	25
23	0	1738	3 	46	0	25
23	0	1738	4 	32	0	16
23	0	1738	5 	42	0	20
23	0	1738	6 	38	0	26
23	0	1738	7 	55	0	5
23	0	1738	8 	8	0	15
23	0	1741	1 	3	0	20
23	0	1741	2 	5	0	15
23	0	1741	3 	41	0	25
23	0	1741	4 	29	0	39
23	0	1741	5 	26	0	11
23	0	1741	6 	9	0	20
23	0	1741	7 	35	0	1
23	0	1741	8 	56	0	10
23	0	1741	9 	45	0	15
23	0	1741	10 	62	0	25
23	0	1742	1 	1	1	20
23	0	1742	2 	23	1	25
23	0	1742	3 	8	1	20
23	0	1742	4 	12	1	5
23	0	1742	5 	30	1	20
23	0	1742	6 	54	1	25
23	0	1742	7 	53	1	30
23	0	1742	8 	61	1	6
23	0	1742	9 	68	1	3
23	0	1743	1 	1	1	21
23	0	1743	2 	3	0	12
23	0	1743	3 	23	0	25
23	0	1743	4 	53	0	29
23	0	1743	5 	31	0	10
23	0	1743	6 	30	0	13
23	0	1743	7 	36	0	10
23	0	1743	8 	38	0	33
23	0	1743	9 	54	0	10
23	0	1743	10 	68	0	1
23	0	1744	1 	8	1	20
23	0	1744	2 	10	1	25
23	0	1744	3 	3	0	5
23	0	1744	4 	36	1	47
23	0	1744	5 	4	0	10
23	0	1744	6 	23	1	10
23	0	1744	7 	45	1	5
23	0	1744	8 	38	1	1
23	0	1744	9 	54	1	20
23	0	1744	10 	53	1	1
23	0	1745	1 	2	1	41
23	0	1745	2 	23	1	20
23	0	1745	3 	30	1	10
23	0	1745	4 	6	1	20
23	0	1745	5 	7	1	25
23	0	1745	6 	68	1	5
23	0	1746	1 	3	0	41
23	0	1746	2 	23	0	10
23	0	1746	3 	29	0	25
23	0	1746	4 	67	0	3
23	0	1746	5 	5	0	15
23	0	1746	6 	35	0	5
23	0	1746	7 	54	0	15
23	0	1746	8 	41	0	20
23	0	1746	9 	56	0	10
23	0	1746	10 	62	0	15
23	0	1747	1 	6	1	25
23	0	1747	2 	11	1	26
23	0	1747	3 	2	1	5
23	0	1747	4 	18	1	30
23	0	1747	5 	3	1	5
23	0	1747	6 	28	1	5
23	0	1747	7 	42	1	20
23	0	1747	8 	9	1	19
23	0	1747	9 	10	1	6
23	0	1747	10 	56	1	1
23	0	1748	1 	8	1	20
23	0	1748	2 	5	1	10
23	0	1748	3 	14	1	10
23	0	1748	4 	47	1	8
23	0	1748	5 	17	1	25
23	0	1748	6 	53	1	30
23	0	1748	7 	32	1	25
23	0	1748	8 	70	1	1
23	0	1748	9 	39	1	25
23	0	1748	10 	45	1	25
23	0	1749	1 	2	1	25
23	0	1749	3 	8	1	22
23	0	1749	4 	23	1	10
23	0	1749	5 	31	1	24
23	0	1749	6 	27	1	15
23	0	1749	7 	41	1	20
23	0	1749	8 	38	1	25
23	0	1749	9 	63	1	10
23	0	1750	1 	3	0	40
23	0	1750	2 	1	0	13
23	0	1750	3 	13	0	20
23	0	1750	4 	5	0	20
23	0	1750	5 	46	0	15
23	0	1750	6 	56	0	1
23	0	1750	7 	12	1	10
23	0	1750	8 	11	0	5
23	0	1752	1 	6	0	25
23	0	1752	2 	13	0	25
23	0	1752	3 	21	0	10
23	0	1752	4 	28	0	20
23	0	1752	5 	33	0	10
23	0	1752	6 	34	0	40
23	0	1752	7 	46	0	20
23	0	1752	8 	62	0	25
23	0	1752	9 	61	0	5
23	0	1753	1 	8	1	25
23	0	1753	2 	7	1	10
23	0	1753	3 	18	1	42
23	0	1753	4 	31	1	5
23	0	1753	5 	32	1	25
23	0	1753	6 	72	1	10
23	0	1753	7 	39	1	25
23	0	1753	8 	54	1	5
23	0	1753	9 	48	1	5
23	0	1753	10 	56	1	5
23	0	1754	1 	2	1	20
23	0	1754	2 	11	1	20
23	0	1754	3 	45	0	15
23	0	1754	4 	62	0	5
23	0	1754	5 	29	1	15
23	0	1754	6 	26	0	25
23	0	1754	7 	56	0	46
23	0	1754	8 	72	1	1
23	0	1754	9 	35	0	10
23	0	1754	10 	38	1	5
23	0	1755	1 	10	1	37
23	0	1755	2 	7	1	25
23	0	1755	3 	12	0	15
23	0	1756	1 	10	1	43
23	0	1756	2 	45	1	20
23	0	1756	3 	46	1	23
23	0	1756	4 	54	1	7
23	0	1756	5 	60	1	4
23	0	1756	6 	62	1	9
23	0	1757	1 	2	1	40
23	0	1757	2 	5	1	25
23	0	1757	3 	48	1	25
23	0	1757	4 	64	1	19
23	0	1758	1 	6	1	25
23	0	1758	2 	3	1	30
23	0	1758	3 	47	1	5
23	0	1758	4 	23	1	5
23	0	1758	5 	35	1	5
23	0	1758	6 	26	0	19
23	0	1758	7 	33	1	10
23	0	1758	8 	32	1	25
23	0	1758	9 	55	0	5
23	0	1758	10 	54	1	38
23	0	1759	1 	6	0	30
23	0	1759	2 	20	0	25
23	0	1759	3 	31	0	15
23	0	1759	4 	42	0	20
23	0	1759	5 	48	0	25
23	0	1759	6 	53	0	13
23	0	1759	7 	61	0	10
23	0	1761	1 	2	1	30
23	0	1761	2 	6	1	6
23	0	1761	3 	15	1	17
23	0	1761	4 	13	1	25
23	0	1761	5 	31	1	25
23	0	1762	1 	6	1	25
23	0	1762	2 	13	1	16
23	0	1762	3 	72	1	1
23	0	1762	4 	18	1	25
23	0	1762	5 	31	1	25
23	0	1762	6 	37	1	15
23	0	1762	7 	33	1	37
23	0	1762	9 	55	1	7
23	0	1762	10 	56	1	7
23	0	1764	1 	7	0	25
23	0	1764	2 	34	0	30
23	0	1764	3 	19	0	33
23	0	1764	4 	39	0	15
23	0	1764	5 	45	0	16
23	0	1764	6 	51	0	25
23	0	1764	7 	55	0	5
23	0	1764	8 	35	0	1
23	0	1764	9 	60	0	4
23	0	1764	10 	67	0	5
23	0	1765	1 	2	1	40
23	0	1765	2 	5	1	10
23	0	1765	3 	30	1	20
23	0	1765	4 	45	1	25
23	0	1765	5 	51	1	5
23	0	1765	6 	47	1	5
23	0	1765	7 	35	1	5
23	0	1765	8 	60	1	20
23	0	1765	9 	68	1	12
23	0	1766	1 	7	0	30
23	0	1766	2 	1	1	30
23	0	1766	3 	28	1	38
23	0	1767	1 	12	1	41
23	0	1767	2 	6	1	15
23	0	1767	3 	33	1	34
23	0	1767	4 	45	1	10
23	0	1767	5 	47	1	27
23	0	1768	1 	11	0	25
23	0	1768	2 	38	0	25
23	0	1768	3 	45	0	5
23	0	1768	4 	52	0	1
23	0	1768	5 	58	0	5
23	0	1768	6 	51	0	25
23	0	1768	7 	31	0	25
23	0	1768	8 	29	0	25
23	0	1768	9 	71	0	19
23	0	1768	10 	47	0	10
23	0	1769	1 	3	0	30
23	0	1769	2 	20	0	15
23	0	1769	3 	29	0	31
23	0	1769	4 	37	0	25
23	0	1769	5 	41	0	20
23	0	1769	6 	56	0	15
23	0	1769	7 	62	0	10
23	0	1770	1 	2	0	31
23	0	1770	2 	21	0	22
23	0	1770	3 	29	0	25
23	0	1770	4 	72	0	4
23	0	1770	5 	28	0	17
23	0	1770	6 	33	0	15
23	0	1770	7 	41	0	6
23	0	1770	8 	38	0	10
23	0	1770	9 	47	0	7
23	0	1770	10 	46	0	25
23	0	1771	1 	7	1	36
23	0	1771	2 	18	1	25
23	0	1771	3 	61	1	13
23	0	1771	4 	21	1	10
23	0	1771	5 	29	1	15
23	0	1771	6 	47	1	5
23	0	1771	7 	31	1	20
23	0	1771	8 	35	1	5
23	0	1771	9 	38	1	15
23	0	1771	10 	53	1	25
23	0	1772	1 	12	1	25
23	0	1772	2 	60	1	5
23	0	1772	3 	14	1	25
23	0	1772	4 	53	1	25
23	0	1772	5 	56	1	5
23	0	1772	6 	23	1	10
23	0	1772	7 	31	1	25
23	0	1772	8 	33	1	37
23	0	1772	9 	62	1	5
23	0	1772	10 	61	1	1
23	0	1773	1 	10	1	25
23	0	1773	2 	8	1	20
23	0	1773	3 	53	1	25
23	0	1773	4 	18	1	25
23	0	1773	6 	67	1	4
23	0	1773	7 	71	1	1
23	0	1773	8 	38	1	15
23	0	1773	9 	58	1	4
23	0	1773	10 	45	1	38
23	0	1774	1 	1	1	25
23	0	1774	2 	70	1	1
23	0	1774	3 	23	1	27
23	0	1774	4 	62	0	10
23	0	1774	5 	54	1	1
23	0	1774	6 	7	1	25
23	0	1774	7 	8	1	20
23	0	1774	8 	38	1	10
23	0	1774	9 	48	1	1
23	0	1774	10 	53	1	24
23	0	1775	1 	2	1	30
23	0	1775	2 	8	1	20
23	0	1775	3 	12	1	19
23	0	1775	4 	10	1	20
23	0	1775	5 	3	1	19
23	0	1775	6 	1	1	19
23	0	1776	1 	52	1	28
23	0	1776	2 	11	0	10
23	0	1776	3 	5	0	34
23	0	1776	4 	46	1	10
23	0	1776	5 	7	1	15
23	0	1776	6 	7	0	25
23	0	1776	7 	38	0	15
23	0	1776	8 	34	0	10
23	0	1776	9 	45	0	10
23	0	1776	10 	53	1	10
23	0	1777	1 	10	1	25
23	0	1777	2 	6	1	25
23	0	1777	3 	18	1	30
23	0	1777	4 	26	1	10
23	0	1777	5 	48	1	5
23	0	1777	6 	56	1	25
23	0	1777	7 	63	1	10
23	0	1777	8 	55	1	10
23	0	1777	9 	62	0	5
23	0	1778	1 	2	1	30
23	0	1778	2 	4	1	15
23	0	1778	3 	18	1	25
23	0	1778	4 	1	1	27
23	0	1779	1 	4	1	36
23	0	1779	2 	23	1	29
23	0	1779	3 	31	1	25
23	0	1779	4 	38	1	20
23	0	1779	5 	53	1	11
23	0	1780	1 	11	0	30
23	0	1780	2 	1	0	15
23	0	1780	3 	62	0	17
23	0	1780	4 	3	0	20
23	0	1780	5 	6	0	20
23	0	1780	6 	46	0	20
23	0	1780	7 	63	1	1
23	0	1780	8 	55	0	1
23	0	1780	9 	56	0	20
23	0	1780	10 	35	0	1
23	0	1783	1 	2	0	25
23	0	1783	2 	31	0	15
23	0	1783	3 	23	0	15
23	0	1783	4 	5	0	25
23	0	1783	6 	38	0	27
23	0	1783	7 	46	0	5
23	0	1783	8 	47	0	30
23	0	1783	9 	53	0	18
23	0	1783	10 	67	0	1
23	0	1785	1 	11	0	35
23	0	1785	2 	1	0	15
23	0	1785	3 	28	0	10
23	0	1785	4 	8	0	25
23	0	1785	5 	46	0	25
23	0	1785	6 	35	0	3
23	0	1787	1 	10	1	25
23	0	1787	2 	51	1	5
23	0	1787	3 	55	1	4
23	0	1787	4 	50	1	39
23	0	1787	5 	53	1	5
23	0	1787	6 	62	0	5
23	0	1787	7 	31	1	5
23	0	1787	8 	29	1	25
23	0	1787	9 	39	1	25
23	0	1787	10 	45	1	25
23	0	1788	1 	3	0	30
23	0	1788	2 	10	0	30
23	0	1788	3 	18	0	20
23	0	1788	4 	26	0	22
23	0	1788	5 	29	0	25
23	0	1790	1 	10	1	45
23	0	1790	2 	13	0	11
23	0	1790	3 	26	1	19
23	0	1790	4 	34	1	19
23	0	1790	5 	31	1	13
23	0	1790	6 	3	0	10
23	0	1790	7 	39	1	25
23	0	1790	8 	56	1	5
23	0	1790	9 	64	1	1
23	0	1791	1 	5	1	15
23	0	1791	2 	19	1	30
23	0	1791	3 	46	1	5
23	0	1791	4 	20	1	25
23	0	1791	5 	67	1	5
23	0	1791	6 	33	1	25
23	0	1791	7 	35	1	5
23	0	1791	8 	28	1	24
23	0	1791	9 	38	1	5
23	0	1791	10 	47	1	25
23	0	1792	1 	6	0	20
23	0	1792	2 	13	0	30
23	0	1792	3 	11	0	20
23	0	1792	4 	31	0	30
23	0	1792	5 	1	0	9
23	0	1793	1 	8	1	20
23	0	1793	2 	12	1	10
23	0	1793	3 	38	1	10
23	0	1793	4 	10	1	19
23	0	1793	5 	18	1	25
23	0	1793	6 	23	1	25
23	0	1793	7 	55	1	6
23	0	1793	8 	32	1	25
23	0	1793	9 	61	1	15
23	0	1793	10 	50	1	33
23	0	1794	1 	2	1	20
23	0	1794	2 	7	1	11
23	0	1794	3 	13	1	30
23	0	1794	4 	31	1	10
23	0	1794	5 	11	1	15
23	0	1794	6 	4	1	5
23	0	1794	7 	41	1	15
23	0	1794	8 	46	1	25
23	0	1794	9 	54	1	11
23	0	1794	10 	63	1	33
23	0	1795	1 	2	1	30
23	0	1795	2 	14	1	5
23	0	1795	3 	62	1	5
23	0	1795	4 	26	1	5
23	0	1795	5 	21	1	25
23	0	1795	6 	31	1	36
23	0	1795	7 	35	1	10
23	0	1795	8 	46	1	25
23	0	1795	9 	47	1	5
23	0	1795	10 	50	1	5
23	0	1796	1 	8	1	25
23	0	1796	2 	6	1	15
23	0	1796	3 	12	1	5
23	0	1796	4 	39	1	25
23	0	1796	5 	38	1	30
23	0	1796	6 	7	1	5
23	0	1796	7 	48	1	20
23	0	1796	8 	61	1	1
23	0	1796	9 	64	1	15
23	0	1796	10 	69	1	1
23	0	1798	1 	8	1	25
23	0	1798	2 	10	1	15
23	0	1798	3 	18	1	35
23	0	1798	4 	22	1	15
23	0	1798	5 	31	1	22
23	0	1798	6 	38	1	25
23	0	1798	7 	63	1	5
23	0	1798	8 	73	1	10
23	0	1798	9 	48	1	5
23	0	1798	10 	56	1	10
23	0	1799	1 	6	1	25
23	0	1799	2 	13	1	25
23	0	1799	3 	58	1	5
23	0	1799	4 	68	1	10
23	0	1799	5 	38	1	5
23	0	1799	6 	35	1	25
23	0	1799	7 	60	1	4
23	0	1799	8 	33	1	25
23	0	1799	9 	28	1	25
23	0	1799	10 	73	1	17
23	0	1800	1 	12	1	36
23	0	1800	2 	14	1	20
23	0	1800	3 	18	1	25
23	0	1800	4 	23	1	25
23	0	1800	5 	31	1	25
23	0	1800	6 	55	0	5
23	0	1800	7 	33	1	25
23	0	1800	8 	53	1	5
23	0	1801	1 	53	1	42
23	0	1801	2 	11	1	25
23	0	1801	3 	22	1	25
23	0	1801	4 	8	1	20
23	0	1801	5 	18	1	15
23	0	1801	6 	62	1	7
23	0	1801	7 	58	1	5
23	0	1801	8 	78	1	8
23	0	1801	9 	56	1	5
23	0	1801	10 	47	1	5
23	0	1802	1 	3	1	30
23	0	1802	2 	53	1	30
23	0	1802	3 	54	1	2
23	0	1802	4 	4	1	25
23	0	1802	5 	67	1	1
23	0	1802	6 	31	1	15
23	0	1802	7 	35	0	10
23	0	1802	8 	47	1	5
23	0	1802	9 	28	1	25
23	0	1802	10 	62	0	10
23	0	1803	1 	5	1	15
23	0	1803	2 	13	1	43
23	0	1803	3 	26	1	5
23	0	1803	4 	31	1	25
23	0	1803	5 	56	1	10
23	0	1803	6 	62	1	13
23	0	1805	1 	11	0	25
23	0	1805	2 	5	0	20
23	0	1805	3 	12	0	30
23	0	1805	4 	3	0	20
23	0	1805	5 	13	0	25
23	0	1805	6 	43	0	5
23	0	1805	7 	41	0	5
23	0	1805	8 	51	1	10
23	0	1805	10 	27	0	15
23	0	1806	1 	12	1	33
23	0	1806	2 	12	0	21
23	0	1806	3 	27	0	25
23	0	1806	4 	36	0	15
23	0	1806	5 	48	0	25
23	0	1806	6 	53	0	25
23	0	1806	7 	61	0	9
23	0	1809	1 	5	0	25
23	0	1809	2 	11	0	15
23	0	1809	3 	32	0	25
23	0	1809	4 	29	0	10
23	0	1809	5 	39	0	5
23	0	1809	6 	47	0	28
23	0	1809	7 	53	0	10
23	0	1809	8 	45	0	5
23	0	1809	9 	71	0	19
23	0	1809	10 	51	0	28
23	0	1810	1 	2	1	20
23	0	1810	2 	13	1	15
23	0	1810	3 	7	1	15
23	0	1810	4 	71	1	19
23	0	1810	5 	29	1	30
23	0	1810	6 	63	1	1
23	0	1810	7 	47	1	24
23	0	1810	8 	35	0	10
23	0	1810	9 	45	0	25
23	0	1810	10 	62	1	1
23	0	1811	1 	3	0	30
23	0	1811	2 	67	0	5
23	0	1811	3 	23	0	20
23	0	1811	4 	62	0	11
23	0	1811	5 	50	0	5
23	0	1811	6 	35	0	15
23	0	1811	7 	41	0	20
23	0	1811	8 	42	0	10
23	0	1811	9 	38	0	10
23	0	1811	10 	47	0	25
23	0	1812	1 	11	1	26
23	0	1812	2 	18	0	3
23	0	1812	3 	32	1	15
23	0	1812	4 	33	1	25
23	0	1812	5 	47	1	25
23	0	1812	6 	35	0	10
23	0	1812	7 	63	1	5
23	0	1812	8 	58	1	13
23	0	1812	10 	53	1	33
23	0	1813	1 	4	0	25
23	0	1813	2 	5	0	15
23	0	1813	3 	62	0	11
23	0	1813	4 	26	0	5
23	0	1813	5 	29	0	41
23	0	1813	6 	63	0	25
23	0	1813	7 	39	0	1
23	0	1813	8 	35	0	10
23	0	1813	9 	45	0	25
23	0	1813	10 	58	0	1
23	0	1814	1 	8	0	30
23	0	1814	2 	13	0	25
23	0	1814	3 	18	0	15
23	0	1814	4 	42	0	20
23	0	1814	5 	48	0	25
23	0	1814	6 	64	0	8
23	0	1815	1 	3	1	30
23	0	1815	2 	6	1	30
23	0	1815	3 	18	1	22
23	0	1815	4 	33	1	10
23	0	1815	5 	38	1	25
23	0	1815	6 	41	1	5
23	0	1815	7 	43	1	5
23	0	1815	8 	53	1	10
23	0	1815	9 	56	1	9
23	0	1815	10 	62	1	5
23	0	1817	1 	2	1	25
23	0	1817	2 	4	1	31
23	0	1817	3 	12	0	31
23	0	1818	1 	6	1	25
23	0	1818	2 	9	1	10
23	0	1818	3 	29	1	20
23	0	1818	4 	45	0	10
23	0	1818	5 	17	1	20
23	0	1818	6 	55	0	5
23	0	1818	7 	35	0	10
23	0	1818	8 	3	1	16
23	0	1818	9 	29	0	25
23	0	1818	10 	31	1	43
23	0	1821	1 	11	0	30
23	0	1821	2 	1	0	25
23	0	1821	3 	3	0	25
23	0	1821	4 	64	0	10
23	0	1824	1 	6	1	30
23	0	1824	2 	18	1	40
23	0	1824	3 	48	1	26
23	0	1824	4 	64	1	12
23	0	1826	1 	6	0	30
23	0	1826	2 	3	0	10
23	0	1826	3 	18	1	15
23	0	1826	4 	3	1	20
23	0	1827	1 	12	1	15
23	0	1827	2 	60	1	5
23	0	1827	3 	6	1	10
23	0	1827	4 	17	1	48
23	0	1827	5 	21	1	5
23	0	1827	6 	61	1	25
23	0	1827	7 	71	1	5
23	0	1827	8 	33	1	25
23	0	1827	9 	38	1	27
23	0	1827	10 	55	1	18
23	0	1829	1 	56	0	30
23	0	1829	2 	5	0	25
23	0	1829	3 	6	0	25
23	0	1829	4 	12	0	20
23	0	1829	5 	46	0	15
23	0	1829	6 	61	0	6
23	0	1829	7 	23	0	10
23	0	1829	8 	11	0	5
23	0	1829	9 	62	0	1
23	0	1829	10 	31	0	20
23	0	1831	1 	4	0	32
23	0	1831	2 	5	0	25
23	0	1831	3 	20	0	5
23	0	1831	4 	10	0	15
23	0	1831	5 	38	0	25
23	0	1831	6 	47	0	25
23	0	1831	7 	35	0	5
23	0	1831	8 	55	0	15
23	0	1832	1 	5	0	25
23	0	1832	2 	7	0	25
23	0	1832	3 	38	0	30
23	0	1832	4 	53	0	25
23	0	1832	5 	51	0	20
23	0	1832	6 	22	0	20
23	0	1832	7 	26	0	10
23	0	1832	8 	54	0	5
23	0	1832	9 	20	0	10
23	0	1832	10 	71	0	5
23	0	1834	1 	10	1	30
23	0	1834	2 	36	1	30
23	0	1834	3 	48	1	5
23	0	1834	4 	51	1	1
23	0	1835	1 	1	0	20
23	0	1835	2 	10	0	25
23	0	1835	3 	13	1	15
23	0	1835	4 	5	0	30
23	0	1835	5 	6	0	20
23	0	1835	6 	11	0	21
23	0	1836	1 	10	1	33
23	0	1836	2 	7	1	25
23	0	1836	3 	18	1	15
23	0	1836	4 	36	1	25
23	0	1836	5 	39	1	25
23	0	1837	1 	6	0	25
23	0	1837	2 	2	0	6
23	0	1837	3 	14	0	17
23	0	1837	4 	20	0	36
23	0	1837	5 	3	0	5
23	0	1837	6 	34	0	20
23	0	1837	7 	55	0	5
23	0	1837	8 	62	0	15
23	0	1838	1 	6	1	35
23	0	1838	2 	5	1	25
23	0	1838	3 	39	1	20
23	0	1838	4 	48	1	15
23	0	1838	5 	46	1	25
23	0	1839	1 	2	1	40
23	0	1839	2 	4	1	30
23	0	1839	3 	46	1	30
23	0	1840	1 	8	1	25
23	0	1840	2 	10	1	25
23	0	1840	3 	18	1	25
23	0	1840	4 	23	1	16
23	0	1840	5 	27	1	20
23	0	1840	6 	32	1	20
23	0	1840	7 	38	1	20
23	0	1840	8 	53	1	25
23	0	1840	9 	72	1	4
23	0	1841	1 	2	1	33
23	0	1841	2 	18	1	15
23	0	1841	3 	23	1	25
23	0	1841	4 	36	1	25
23	0	1841	5 	48	1	25
23	0	1842	1 	12	0	36
23	0	1842	2 	4	0	15
23	0	1842	3 	2	0	20
23	0	1842	4 	37	1	10
23	0	1842	5 	8	0	10
23	0	1842	6 	43	0	20
23	0	1842	7 	46	0	26
23	0	1842	8 	51	0	5
23	0	1844	1 	11	1	27
23	0	1844	2 	1	1	25
23	0	1844	3 	9	1	15
23	0	1844	4 	23	1	25
23	0	1844	5 	31	1	25
23	0	1844	6 	69	1	10
23	0	1844	7 	47	1	10
23	0	1844	8 	39	1	5
23	0	1844	9 	50	1	5
23	0	1844	10 	48	1	25
23	0	1848	1 	4	1	25
23	0	1848	2 	10	1	25
23	0	1848	3 	39	1	25
23	0	1848	4 	45	1	40
23	0	1848	5 	51	1	5
23	0	1848	6 	55	1	10
23	0	1848	7 	35	1	5
23	0	1848	8 	60	1	5
23	0	1849	1 	11	0	25
23	0	1849	2 	21	0	25
23	0	1849	3 	48	0	20
23	0	1849	4 	46	0	17
23	0	1849	5 	47	0	20
23	0	1850	1 	5	1	25
23	0	1850	2 	5	0	25
23	0	1850	3 	7	1	5
23	0	1850	4 	7	0	5
23	0	1850	5 	9	1	5
23	0	1850	6 	15	1	15
23	0	1850	7 	36	1	25
23	0	1850	8 	38	1	25
23	0	1850	9 	47	1	21
23	0	1850	10 	31	1	5
23	0	1852	1 	3	0	33
23	0	1852	2 	1	0	15
23	0	1852	3 	20	0	20
23	0	1852	4 	32	0	20
23	0	1852	5 	39	0	20
23	0	1852	6 	48	0	25
23	0	1853	1 	3	0	33
23	0	1853	2 	6	1	15
23	0	1853	3 	23	0	27
23	0	1853	4 	38	0	29
23	0	1853	5 	53	0	15
23	0	1854	1 	2	1	30
23	0	1854	2 	20	1	25
23	0	1854	3 	31	1	25
23	0	1854	4 	28	1	10
23	0	1854	5 	45	0	26
23	0	1854	6 	54	1	10
23	0	1854	7 	46	1	10
23	0	1854	8 	68	1	5
23	0	1854	9 	62	1	1
23	0	1856	1 	2	1	25
23	0	1856	2 	5	1	20
23	0	1856	3 	25	0	20
23	0	1856	4 	9	0	20
23	0	1856	5 	46	0	27
23	0	1856	6 	47	1	15
23	0	1856	7 	55	0	16
23	0	1856	8 	62	0	15
23	0	1857	1 	10	1	30
23	0	1857	2 	15	1	25
23	0	1857	3 	34	1	25
23	0	1857	4 	46	1	25
23	0	1857	5 	63	1	9
23	0	1858	1 	4	1	30
23	0	1858	2 	10	1	25
23	0	1858	3 	4	0	25
23	0	1858	4 	7	1	15
23	0	1858	5 	28	1	20
23	0	1858	6 	53	1	10
23	0	1858	7 	64	1	5
23	0	1859	1 	10	1	25
23	0	1859	2 	55	0	15
23	0	1859	3 	7	1	25
23	0	1859	4 	23	1	25
23	0	1859	5 	31	1	30
23	0	1859	6 	69	1	10
23	0	1859	7 	47	1	5
23	0	1859	8 	39	1	5
23	0	1859	9 	45	0	20
23	0	1859	10 	48	0	5
23	0	1862	1 	7	1	25
23	0	1862	2 	14	1	5
23	0	1862	3 	28	1	25
23	0	1862	4 	18	1	25
23	0	1862	5 	38	1	37
23	0	1862	6 	33	1	25
23	0	1862	7 	12	1	15
23	0	1862	8 	5	1	5
23	0	1862	9 	39	1	5
23	0	1862	10 	53	1	5
23	0	1863	1 	9	0	25
23	0	1863	2 	14	0	15
23	0	1863	3 	13	0	25
23	0	1863	4 	29	0	33
23	0	1863	5 	1	0	10
23	0	1863	6 	34	0	20
23	0	1863	7 	45	0	20
23	0	1863	8 	63	0	17
23	0	1863	9 	62	0	5
23	0	1864	1 	5	1	15
23	0	1864	2 	2	1	30
23	0	1864	3 	6	1	10
23	0	1864	4 	13	1	10
23	0	1864	5 	9	1	10
23	0	1864	6 	23	1	20
23	0	1864	7 	31	1	20
23	0	1864	8 	46	1	34
23	0	1864	9 	62	1	5
23	0	1870	1 	9	1	36
23	0	1870	2 	13	1	25
23	0	1870	3 	53	1	7
23	0	1870	4 	23	1	15
23	0	1870	5 	69	1	10
23	0	1870	6 	31	1	15
23	0	1870	7 	37	1	10
23	0	1870	8 	45	1	25
23	0	1870	9 	39	1	25
23	0	1870	10 	47	1	5
23	0	1871	1 	2	1	25
23	0	1871	2 	18	1	15
23	0	1871	3 	10	1	9
23	0	1871	4 	33	1	33
23	0	1871	5 	62	0	20
23	0	1871	6 	5	1	10
23	0	1871	7 	32	1	15
23	0	1871	8 	46	1	25
23	0	1871	9 	35	0	10
23	0	1871	10 	56	1	5
23	0	1872	1 	2	0	25
23	0	1872	2 	68	0	1
23	0	1872	3 	5	0	25
23	0	1872	4 	18	0	21
23	0	1872	5 	28	0	25
23	0	1872	6 	34	0	15
23	0	1872	7 	46	0	36
23	0	1872	8 	69	0	2
23	0	1872	9 	48	0	16
23	0	1872	10 	63	0	10
23	0	1873	1 	6	1	30
23	0	1873	2 	55	1	20
23	0	1873	3 	14	1	10
23	0	1873	4 	3	1	10
23	0	1873	5 	10	1	30
23	0	1873	6 	38	1	13
23	0	1873	7 	43	1	10
23	0	1874	1 	11	0	30
23	0	1874	2 	8	0	21
23	0	1874	3 	18	1	8
23	0	1874	4 	31	0	25
23	0	1874	5 	5	0	25
23	0	1876	1 	53	1	5
23	0	1876	2 	5	1	10
23	0	1876	3 	7	1	25
23	0	1876	4 	61	1	10
23	0	1876	5 	18	1	25
23	0	1876	6 	30	1	10
23	0	1876	7 	32	1	33
23	0	1876	8 	38	1	25
23	0	1876	9 	54	1	10
23	0	1876	10 	55	0	6
23	0	1877	1 	3	0	15
23	0	1877	2 	9	0	20
23	0	1877	3 	14	0	10
23	0	1877	4 	54	0	25
23	0	1877	5 	7	0	25
23	0	1877	6 	62	0	10
23	0	1877	7 	29	0	15
23	0	1877	8 	40	0	10
23	0	1877	9 	44	0	10
23	0	1877	10 	38	0	30
23	0	1879	1 	10	1	30
23	0	1879	2 	17	1	5
23	0	1879	3 	29	1	25
23	0	1879	4 	36	1	25
23	0	1879	5 	31	1	25
23	0	1879	6 	39	1	5
23	0	1879	7 	50	1	25
23	0	1879	8 	55	1	5
23	0	1879	9 	61	1	10
23	0	1880	1 	9	1	30
23	0	1880	2 	18	1	25
23	0	1880	3 	29	1	25
23	0	1880	4 	55	0	1
23	0	1880	5 	31	1	10
23	0	1880	6 	10	1	25
23	0	1880	7 	62	1	15
23	0	1880	8 	54	1	5
23	0	1880	9 	53	1	20
23	0	1880	10 	50	1	5
23	0	1883	1 	2	1	25
23	0	1883	2 	6	1	25
23	0	1883	3 	28	1	25
23	0	1883	4 	11	1	25
23	0	1883	5 	53	1	15
23	0	1883	6 	64	1	5
23	0	1884	1 	9	1	30
23	0	1884	2 	72	1	1
23	0	1884	3 	14	1	20
23	0	1884	4 	35	1	1
23	0	1884	5 	6	1	15
23	0	1884	6 	31	1	25
23	0	1884	7 	62	0	23
23	0	1884	8 	36	1	5
23	0	1884	9 	37	1	25
23	0	1884	10 	12	1	20
23	0	1885	1 	4	0	33
23	0	1885	2 	3	0	26
23	0	1885	3 	5	0	25
23	0	1885	4 	31	0	20
23	0	1885	5 	42	0	10
23	0	1886	1 	2	1	31
23	0	1886	2 	5	1	20
23	0	1886	3 	18	1	15
23	0	1886	4 	32	1	25
23	0	1886	5 	62	1	1
23	0	1886	6 	46	1	28
23	0	1886	7 	46	0	5
23	0	1886	8 	47	1	20
23	0	1886	9 	55	0	5
23	0	1887	1 	6	0	30
23	0	1887	2 	8	0	25
23	0	1888	1 	61	1	10
23	0	1888	2 	12	1	20
23	0	1888	3 	14	1	25
23	0	1888	4 	22	1	15
23	0	1888	5 	26	0	8
23	0	1888	6 	33	1	33
23	0	1888	7 	31	1	15
23	0	1888	8 	46	1	29
23	0	1888	9 	48	1	10
23	0	1888	10 	63	1	5
23	0	1889	1 	10	0	36
23	0	1889	2 	13	1	25
23	0	1889	3 	3	1	20
23	0	1889	4 	9	1	5
23	0	1889	5 	4	1	10
23	0	1889	6 	37	1	5
23	0	1889	7 	12	1	15
23	0	1889	8 	8	1	15
23	0	1889	9 	47	1	5
23	0	1890	1 	12	0	20
23	0	1890	2 	3	0	5
23	0	1890	3 	14	0	5
23	0	1890	4 	5	0	15
23	0	1890	5 	67	0	5
23	0	1890	6 	23	0	25
23	0	1890	7 	32	0	20
23	0	1890	8 	58	0	25
23	0	1890	9 	51	0	43
23	0	1891	1 	5	0	30
23	0	1891	2 	31	0	25
23	0	1891	3 	38	0	25
23	0	1891	4 	45	0	20
23	0	1891	5 	47	0	25
23	0	1891	6 	58	0	10
23	0	1891	7 	71	0	16
23	0	1891	8 	52	0	1
23	0	1892	1 	2	0	30
23	0	1892	2 	13	0	20
23	0	1892	4 	62	0	25
23	0	1892	5 	46	0	5
23	0	1892	6 	41	0	5
23	0	1892	7 	47	0	25
23	0	1892	8 	38	0	15
23	0	1892	9 	35	0	10
23	0	1892	10 	48	0	5
23	0	1893	1 	7	1	25
23	0	1893	2 	13	1	36
23	0	1893	3 	21	1	15
23	0	1893	4 	23	1	20
23	0	1893	5 	62	1	7
23	0	1893	6 	37	1	20
23	0	1893	7 	34	1	8
23	0	1893	8 	39	1	20
23	0	1893	9 	47	1	20
23	0	1893	10 	64	1	7
23	0	1895	1 	6	1	30
23	0	1895	2 	1	1	15
23	0	1895	3 	4	1	15
23	0	1895	4 	22	1	25
23	0	1895	5 	39	1	25
23	0	1895	6 	31	1	20
23	0	1895	7 	32	1	10
23	0	1895	8 	35	0	12
23	0	1895	9 	53	1	25
23	0	1895	10 	74	1	8
23	0	1901	1 	10	0	30
23	0	1901	2 	4	0	25
23	0	1901	3 	42	0	10
23	0	1901	4 	47	0	15
23	0	1901	5 	10	1	25
23	0	1901	6 	12	0	1
23	0	1901	7 	62	1	10
23	0	1903	1 	2	1	25
23	0	1903	2 	11	1	25
23	0	1903	3 	31	1	25
23	0	1903	4 	45	0	20
23	0	1903	5 	54	1	25
23	0	1903	6 	46	1	15
23	0	1903	7 	53	1	7
23	0	1903	8 	62	1	1
23	0	1904	1 	3	0	30
23	0	1904	2 	6	1	30
23	0	1904	3 	36	0	20
23	0	1904	4 	54	0	10
23	0	1904	5 	56	1	10
23	0	1904	6 	35	1	10
23	0	1904	7 	62	0	20
23	0	1904	8 	67	0	6
23	0	1906	1 	2	1	43
23	0	1906	2 	1	1	10
23	0	1906	3 	10	1	10
23	0	1906	4 	11	1	10
23	0	1906	5 	6	1	10
23	0	1906	6 	3	1	15
23	0	1906	7 	12	1	5
23	0	1908	1 	9	0	25
23	0	1908	2 	9	1	15
23	0	1908	3 	13	0	10
23	0	1908	4 	17	0	10
23	0	1908	5 	8	0	15
23	0	1908	6 	31	1	25
23	0	1908	7 	63	0	20
23	0	1909	1 	10	1	33
23	0	1909	2 	7	1	20
23	0	1909	3 	4	1	25
23	0	1909	4 	3	1	25
23	0	1909	5 	53	1	18
23	0	1910	1 	2	1	30
23	0	1910	2 	5	1	20
23	0	1910	3 	6	1	20
23	0	1910	4 	10	1	30
23	0	1910	5 	38	1	20
23	0	1910	6 	46	1	10
23	0	1910	7 	47	1	7
23	0	1910	8 	53	1	15
23	0	1911	1 	10	1	30
23	0	1911	2 	5	1	5
23	0	1911	3 	23	1	10
23	0	1911	4 	6	1	20
23	0	1911	5 	9	1	15
23	0	1911	6 	3	0	25
23	0	1911	7 	37	1	15
23	0	1911	8 	9	0	20
23	0	1911	9 	53	1	27
23	0	1911	10 	62	1	1
23	0	1913	1 	2	1	30
23	0	1913	2 	23	1	10
23	0	1913	3 	32	1	30
23	0	1913	4 	54	1	28
23	0	1914	1 	7	1	25
23	0	1914	2 	1	1	25
23	0	1914	3 	38	1	25
23	0	1914	4 	53	1	33
23	0	1914	5 	10	1	25
23	0	1914	6 	36	1	10
23	0	1914	7 	6	1	10
23	0	1914	8 	55	0	5
23	0	1914	9 	3	0	5
23	0	1914	10 	38	0	5
23	0	1915	1 	5	0	30
23	0	1915	2 	11	0	30
23	0	1915	3 	23	0	30
23	0	1916	1 	3	0	30
23	0	1916	2 	55	0	1
23	0	1916	3 	56	0	25
23	0	1916	4 	29	0	25
23	0	1916	5 	26	0	25
23	0	1916	6 	35	0	10
23	0	1916	7 	5	0	15
23	0	1916	8 	62	0	19
23	0	1916	9 	69	0	1
23	0	1916	10 	61	0	1
23	0	1917	1 	3	1	25
23	0	1917	2 	11	1	10
23	0	1917	3 	14	1	15
23	0	1917	4 	23	1	27
23	0	1917	5 	35	0	10
23	0	1917	6 	32	1	20
23	0	1917	7 	68	1	14
23	0	1917	8 	33	1	30
23	0	1917	9 	5	1	5
23	0	1917	10 	48	1	5
23	0	1920	1 	7	1	20
23	0	1920	2 	13	1	30
23	0	1920	3 	5	1	15
23	0	1920	4 	3	0	20
23	0	1920	5 	38	1	25
23	0	1920	6 	9	1	19
23	0	1923	1 	3	0	11
23	0	1923	2 	5	0	30
23	0	1923	3 	21	0	25
23	0	1923	4 	53	0	36
23	0	1923	5 	10	0	15
23	0	1923	6 	11	0	5
23	0	1923	7 	46	0	10
23	0	1923	8 	58	0	5
23	0	1923	9 	63	0	2
23	0	1924	1 	8	1	25
23	0	1924	2 	10	1	25
23	0	1924	3 	56	1	10
23	0	1924	4 	69	1	1
23	0	1924	5 	33	1	10
23	0	1924	6 	36	1	25
23	0	1924	7 	38	1	25
23	0	1924	8 	45	1	1
23	0	1924	9 	53	1	31
23	0	1924	10 	46	1	7
23	0	1925	1 	4	1	26
23	0	1925	2 	13	0	6
23	0	1925	3 	21	0	19
23	0	1925	4 	10	1	25
23	0	1925	5 	27	0	20
23	0	1925	6 	29	1	33
23	0	1925	7 	53	1	10
23	0	1925	8 	55	1	25
23	0	1925	9 	62	1	1
23	0	1926	1 	3	0	39
23	0	1926	2 	13	0	10
23	0	1926	3 	21	0	5
23	0	1926	4 	32	0	5
23	0	1926	5 	27	0	5
23	0	1926	6 	29	0	10
23	0	1926	7 	31	0	5
23	0	1926	8 	62	0	10
23	0	1928	1 	10	0	28
23	0	1928	2 	10	1	30
23	0	1928	3 	23	0	15
23	0	1928	4 	32	1	10
23	0	1928	5 	50	1	39
23	0	1928	6 	55	1	25
23	0	1929	1 	10	1	25
23	0	1929	2 	61	1	12
23	0	1929	3 	3	1	20
23	0	1929	4 	56	0	25
23	0	1929	5 	35	0	10
23	0	1929	6 	12	0	5
23	0	1929	7 	21	0	25
23	0	1929	8 	54	1	10
23	0	1929	9 	31	1	15
23	0	1929	10 	39	1	36
23	0	1930	1 	6	0	25
23	0	1930	2 	14	0	10
23	0	1930	3 	74	0	1
23	0	1930	4 	29	0	27
23	0	1930	5 	32	0	25
23	0	1930	6 	28	0	10
23	0	1930	7 	62	0	34
23	0	1930	8 	47	0	15
23	0	1930	9 	54	0	15
23	0	1930	10 	55	0	5
23	0	1931	1 	6	0	30
23	0	1931	2 	13	1	29
23	0	1931	3 	20	0	23
23	0	1931	4 	21	1	23
23	0	1932	1 	6	1	28
23	0	1932	2 	23	1	22
23	0	1932	3 	31	1	22
23	0	1932	4 	32	1	21
23	0	1932	5 	42	1	20
23	0	1933	1 	8	1	25
23	0	1933	2 	13	1	25
23	0	1933	3 	18	1	25
23	0	1933	4 	23	1	25
23	0	1933	5 	54	1	25
23	0	1933	6 	62	1	15
23	0	1933	7 	64	1	1
23	0	1933	8 	53	1	5
23	0	1933	9 	67	1	1
23	0	1934	1 	2	1	20
23	0	1934	2 	10	1	30
23	0	1934	3 	8	1	25
23	0	1934	4 	45	1	27
23	0	1934	5 	54	1	25
23	0	1934	6 	53	1	10
23	0	1934	7 	35	0	10
23	0	1935	1 	11	1	20
23	0	1935	2 	13	1	20
23	0	1935	3 	18	1	25
23	0	1935	4 	20	1	19
23	0	1935	5 	8	1	30
23	0	1935	6 	41	1	15
23	0	1935	7 	12	1	10
23	0	1935	8 	53	1	1
23	0	1936	1 	12	1	34
23	0	1936	2 	21	0	23
23	0	1936	3 	31	1	20
23	0	1936	4 	2	0	17
23	0	1936	5 	12	0	22
23	0	1937	1 	8	0	30
23	0	1937	2 	4	0	36
23	0	1937	3 	35	0	10
23	0	1937	4 	64	0	10
23	0	1937	5 	61	0	10
23	0	1938	1 	5	1	30
23	0	1938	2 	18	1	25
23	0	1938	3 	26	1	5
23	0	1938	4 	46	1	22
23	0	1938	5 	6	1	15
23	0	1938	6 	38	1	25
23	0	1938	7 	45	0	25
23	0	1938	8 	55	0	5
23	0	1939	1 	11	0	30
23	0	1939	2 	37	0	30
23	0	1939	3 	43	0	1
23	0	1939	4 	46	0	1
23	0	1939	5 	51	0	1
23	0	1941	1 	3	1	26
23	0	1941	2 	61	1	5
23	0	1941	3 	18	1	16
23	0	1941	4 	27	1	25
23	0	1941	5 	31	1	25
23	0	1941	6 	38	1	5
23	0	1941	7 	10	1	25
23	0	1941	8 	54	1	10
23	0	1941	9 	48	1	13
23	0	1941	10 	62	1	15
23	0	1942	1 	12	0	31
23	0	1942	2 	4	0	31
23	0	1942	3 	23	0	31
23	0	1942	4 	63	0	19
23	0	1943	1 	6	1	30
23	0	1943	2 	10	1	35
23	0	1943	3 	8	1	15
23	0	1943	4 	62	1	5
23	0	1943	5 	23	1	5
23	0	1943	6 	31	1	5
23	0	1943	7 	43	1	5
23	0	1943	8 	46	1	5
23	0	1943	9 	56	1	5
23	0	1943	10 	55	1	33
23	0	1945	1 	3	0	30
23	0	1945	2 	13	0	5
23	0	1945	3 	62	0	15
23	0	1945	4 	27	0	25
23	0	1945	5 	31	0	15
23	0	1945	6 	38	0	25
23	0	1945	7 	54	0	7
23	0	1945	8 	48	0	5
23	0	1945	9 	35	0	18
23	0	1945	10 	56	0	15
23	0	1947	1 	12	1	25
23	0	1947	2 	47	1	5
23	0	1947	3 	7	1	5
23	0	1947	4 	18	1	15
23	0	1947	5 	38	1	25
23	0	1947	6 	3	1	10
23	0	1947	7 	58	1	5
23	0	1947	8 	63	1	10
23	0	1947	9 	48	1	5
23	0	1947	10 	28	1	48
23	0	1948	1 	12	1	30
23	0	1948	2 	8	0	15
23	0	1948	3 	2	1	20
23	0	1948	4 	4	0	10
23	0	1948	5 	9	0	15
23	0	1948	6 	7	1	10
23	0	1948	7 	33	0	16
23	0	1948	8 	61	1	10
23	0	1948	9 	35	0	25
23	0	1948	10 	46	1	10
23	0	1949	1 	6	0	30
23	0	1949	2 	3	0	10
23	0	1949	3 	5	0	20
23	0	1949	4 	1	0	7
23	0	1949	5 	37	0	5
23	0	1949	6 	7	0	25
23	0	1949	7 	11	0	10
23	0	1949	8 	63	0	10
23	0	1949	9 	47	0	25
23	0	1949	10 	35	0	11
23	0	1950	1 	7	1	30
23	0	1950	2 	2	1	10
23	0	1950	3 	18	1	5
23	0	1950	4 	30	1	25
23	0	1950	5 	32	1	23
23	0	1950	6 	47	1	36
23	0	1952	1 	7	1	30
23	0	1952	2 	6	1	30
23	0	1952	3 	3	0	5
23	0	1952	4 	31	1	30
23	0	1954	1 	6	1	27
23	0	1954	2 	18	1	30
23	0	1954	3 	20	1	20
23	0	1954	4 	36	1	20
23	0	1954	5 	41	1	15
23	0	1954	6 	38	1	15
23	0	1954	7 	46	1	20
23	0	1954	8 	53	1	10
23	0	1954	9 	64	1	5
23	0	1955	1 	6	0	26
23	0	1955	2 	5	0	25
23	0	1955	3 	27	0	39
23	0	1955	4 	31	0	5
23	0	1955	5 	37	1	1
23	0	1955	6 	46	0	25
23	0	1955	7 	47	0	20
23	0	1955	8 	55	0	15
23	0	1955	9 	51	0	5
23	0	1955	10 	72	0	5
23	0	1956	1 	10	1	32
23	0	1956	2 	4	1	25
23	0	1956	3 	21	1	25
23	0	1956	4 	33	1	15
23	0	1956	5 	38	1	5
23	0	1956	6 	41	1	15
23	0	1956	7 	56	1	25
23	0	1956	8 	62	0	15
23	0	1956	9 	67	1	1
23	0	1957	1 	10	1	30
23	0	1957	2 	5	1	30
23	0	1957	3 	1	1	30
23	0	1957	4 	38	1	20
23	0	1957	5 	3	0	15
23	0	1958	1 	6	1	20
23	0	1958	2 	53	1	10
23	0	1958	3 	24	1	15
23	0	1958	4 	68	1	20
23	0	1958	5 	28	1	20
23	0	1958	6 	30	1	18
23	0	1958	7 	39	1	25
23	0	1958	8 	38	1	15
23	0	1958	9 	55	1	10
23	0	1958	10 	54	1	10
23	0	1959	1 	7	1	25
23	0	1959	2 	6	1	31
23	0	1959	3 	14	1	20
23	0	1959	4 	22	1	15
23	0	1959	5 	18	1	25
23	0	1959	6 	32	1	25
23	0	1959	7 	38	1	15
23	0	1959	8 	54	1	10
23	0	1959	9 	53	1	2
23	0	1959	10 	61	1	9
23	0	1960	1 	3	0	30
23	0	1960	2 	20	0	25
23	0	1960	3 	31	1	25
23	0	1960	4 	55	0	30
23	0	1960	5 	61	0	8
23	0	1962	1 	8	1	30
23	0	1962	2 	23	1	30
23	0	1962	3 	12	1	10
23	0	1962	4 	20	1	5
23	0	1962	5 	31	1	20
23	0	1962	6 	31	0	5
23	0	1962	7 	3	0	5
23	0	1962	8 	59	1	30
23	0	1962	9 	48	1	5
23	0	1962	10 	60	1	18
23	0	1963	1 	4	1	45
23	0	1963	2 	7	1	30
23	0	1964	1 	6	0	20
23	0	1964	2 	67	0	5
23	0	1964	3 	5	0	25
23	0	1964	4 	23	0	15
23	0	1964	5 	29	0	46
23	0	1964	6 	61	0	5
23	0	1964	7 	39	0	10
23	0	1964	8 	53	0	1
23	0	1964	9 	45	0	10
23	0	1964	10 	56	0	25
23	0	1965	1 	3	0	27
23	0	1965	2 	1	0	10
23	0	1965	3 	5	0	15
23	0	1965	4 	21	0	25
23	0	1965	5 	28	0	39
23	0	1965	6 	32	0	15
23	0	1965	7 	28	1	10
23	0	1965	8 	35	0	5
23	0	1965	9 	45	0	20
23	0	1965	10 	55	0	10
23	0	1967	1 	7	0	10
23	0	1967	2 	3	1	15
23	0	1967	3 	39	1	25
23	0	1967	4 	10	1	25
23	0	1967	5 	12	1	10
23	0	1967	6 	7	1	25
23	0	1967	7 	23	1	32
23	0	1967	8 	33	1	5
23	0	1967	9 	10	0	5
23	0	1967	10 	38	1	25
23	0	1969	1 	4	1	25
23	0	1969	2 	8	1	20
23	0	1969	3 	10	1	15
23	0	1969	4 	17	1	39
23	0	1969	5 	35	0	5
23	0	1969	6 	54	1	25
23	0	1969	7 	55	1	14
23	0	1969	8 	56	1	10
23	0	1970	1 	10	1	42
23	0	1970	2 	6	1	25
23	0	1970	3 	5	1	5
23	0	1970	4 	3	0	10
23	0	1970	5 	7	1	25
23	0	1970	6 	38	1	20
23	0	1970	7 	68	1	5
23	0	1970	8 	61	1	7
23	0	1972	1 	11	0	20
23	0	1972	2 	2	0	30
23	0	1972	3 	5	0	20
23	0	1972	4 	31	0	30
23	0	1972	5 	63	0	28
23	0	1973	1 	9	1	30
23	0	1973	2 	69	1	5
23	0	1973	3 	23	1	25
23	0	1973	4 	31	1	20
23	0	1973	5 	62	0	11
23	0	1973	6 	47	1	5
23	0	1973	7 	39	1	25
23	0	1973	8 	45	0	20
23	0	1973	9 	48	1	20
23	0	1973	10 	55	1	5
23	0	1977	1 	2	1	35
23	0	1977	2 	20	1	30
23	0	1977	3 	29	1	25
23	0	1977	4 	39	1	20
23	0	1977	5 	47	1	5
23	0	1977	6 	55	1	1
23	0	1977	7 	5	1	20
23	0	1977	8 	61	1	5
23	0	1981	1 	12	1	25
23	0	1981	2 	14	1	15
23	0	1981	3 	19	1	5
23	0	1981	4 	23	1	20
23	0	1981	5 	71	1	9
23	0	1981	6 	33	1	53
23	0	1981	7 	46	1	5
23	0	1981	9 	56	1	10
23	0	1981	10 	61	1	5
23	0	1983	1 	2	1	25
23	0	1983	2 	13	1	27
23	0	1983	3 	17	1	25
23	0	1983	4 	30	1	20
23	0	1983	5 	46	1	25
23	0	1983	6 	35	0	20
23	0	1984	1 	6	1	25
23	0	1984	2 	2	1	10
23	0	1984	3 	7	1	15
23	0	1984	4 	18	1	30
23	0	1987	1 	8	0	31
23	0	1987	2 	13	1	10
23	0	1987	3 	5	0	25
23	0	1987	4 	31	0	30
23	0	1987	5 	42	0	6
23	0	1987	6 	47	0	20
23	0	1988	1 	2	0	30
23	0	1988	2 	13	0	30
23	0	1988	3 	31	0	30
23	0	1990	1 	5	0	25
23	0	1990	2 	6	0	6
23	0	1990	3 	1	0	5
23	0	1991	1 	4	1	37
23	0	1991	2 	13	1	5
23	0	1991	3 	6	1	25
23	0	1991	4 	18	1	25
23	0	1991	5 	23	1	10
23	0	1991	6 	29	1	20
23	0	1991	7 	38	1	10
23	0	1991	8 	41	1	25
23	0	1991	9 	56	1	5
23	0	1991	10 	68	1	7
23	0	1995	1 	8	1	20
23	0	1995	2 	1	1	25
23	0	1995	3 	14	1	5
23	0	1995	4 	23	1	34
23	0	2001	1 	6	0	20
23	0	2001	2 	4	0	27
23	0	2001	3 	1	0	5
23	0	2001	4 	28	0	25
23	0	2001	5 	33	0	5
23	0	2001	6 	74	0	7
23	0	2001	7 	41	0	39
23	0	2001	8 	62	0	10
23	0	2001	9 	50	0	25
23	0	2001	10 	55	0	10
23	0	2004	1 	12	1	30
23	0	2004	2 	21	1	5
23	0	2004	3 	8	1	15
23	0	2004	4 	33	1	46
23	0	2004	5 	46	1	15
23	0	2004	6 	45	1	5
23	0	2004	7 	47	1	5
23	0	2004	8 	68	1	1
23	0	2009	1 	1	1	30
23	0	2009	2 	21	0	15
23	0	2009	3 	2	1	30
23	0	2009	4 	5	1	11
23	0	2009	5 	7	1	20
23	0	2009	6 	51	1	10
23	0	2010	1 	3	0	25
23	0	2010	2 	5	0	25
23	0	2010	3 	6	0	20
23	0	2010	4 	38	1	10
23	0	2010	5 	7	0	23
23	0	2010	6 	56	0	15
23	0	2011	1 	5	0	25
23	0	2011	2 	13	0	25
23	0	2011	3 	21	0	25
23	0	2011	4 	3	0	25
23	0	2011	5 	38	0	10
23	0	2011	6 	46	0	20
23	0	2011	7 	54	0	5
23	0	2011	8 	48	0	13
23	0	2013	1 	6	0	25
23	0	2013	2 	62	0	10
23	0	2013	3 	1	0	10
23	0	2013	4 	18	0	25
23	0	2013	5 	23	0	10
23	0	2013	6 	45	0	14
23	0	2013	7 	26	0	20
23	0	2013	8 	47	0	25
23	0	2013	9 	38	0	38
23	0	2013	10 	68	0	1
23	0	2014	1 	2	1	30
23	0	2014	2 	10	1	25
23	0	2014	3 	18	1	25
23	0	2014	4 	6	1	15
23	0	2014	5 	38	1	25
23	0	2014	6 	53	1	9
23	0	2016	1 	12	1	45
23	0	2016	2 	10	1	26
23	0	2016	3 	5	1	5
23	0	2016	4 	22	1	5
23	0	2016	5 	26	1	20
23	0	2016	6 	67	1	5
23	0	2016	7 	39	1	25
23	0	2016	8 	51	1	1
23	0	2018	1 	3	0	23
23	0	2018	2 	13	0	15
23	0	2018	3 	14	0	20
23	0	2019	1 	2	1	19
23	0	2019	2 	5	1	10
23	0	2019	3 	4	1	10
23	0	2019	5 	8	1	10
23	0	2019	6 	23	1	30
23	0	2019	7 	33	1	30
23	0	2019	8 	38	1	10
23	0	2019	9 	46	1	25
23	0	2019	10 	47	1	14
23	0	2022	1 	1	0	20
23	0	2022	2 	6	0	10
23	0	2022	3 	18	0	25
23	0	2022	4 	31	0	30
23	0	2022	5 	38	0	35
23	0	2023	1 	2	1	23
23	0	2023	2 	68	1	10
23	0	2023	3 	9	1	20
23	0	2023	4 	23	1	20
23	0	2023	5 	29	1	25
23	0	2023	6 	28	1	33
23	0	2023	7 	38	1	25
23	0	2023	8 	41	1	5
23	0	2023	9 	45	1	5
23	0	2023	10 	48	1	5
23	0	2026	1 	5	1	25
23	0	2026	2 	2	1	20
23	0	2026	3 	13	1	25
23	0	2026	4 	8	1	20
23	0	2026	5 	42	1	20
23	0	2026	6 	11	1	5
23	0	2026	7 	53	1	26
23	0	2026	8 	68	1	14
23	0	2027	1 	12	1	28
23	0	2027	2 	63	1	22
23	0	2027	3 	20	1	25
23	0	2027	4 	31	1	25
23	0	2027	5 	52	1	6
23	0	2027	6 	33	1	25
23	0	2027	7 	39	1	4
23	0	2027	8 	36	1	10
23	0	2027	9 	61	1	7
23	0	2027	10 	48	1	5
23	0	2028	1 	2	1	15
23	0	2028	2 	8	1	15
23	0	2028	3 	63	1	1
23	0	2028	4 	56	1	20
23	0	2028	5 	33	1	36
23	0	2028	6 	62	1	1
23	0	2028	7 	38	1	19
23	0	2028	8 	45	1	10
23	0	2028	9 	53	1	10
23	0	2028	10 	46	1	25
23	0	2029	1 	11	0	15
23	0	2029	2 	63	0	1
23	0	2029	3 	15	0	20
23	0	2029	4 	45	0	25
23	0	2029	5 	22	0	25
23	0	2029	6 	5	0	15
23	0	2029	7 	46	0	1
23	0	2029	8 	62	0	8
23	0	2029	9 	38	0	30
23	0	2029	10 	53	0	25
23	0	2030	1 	7	1	30
23	0	2030	2 	10	0	30
23	0	2030	3 	1	1	5
23	0	2031	1 	9	1	32
23	0	2031	2 	10	1	10
23	0	2031	3 	29	1	10
23	0	2031	4 	6	1	10
23	0	2031	5 	38	1	33
23	0	2031	6 	39	1	25
23	0	2031	7 	47	1	10
23	0	2031	8 	55	1	21
23	0	2032	1 	12	0	30
23	0	2032	2 	2	0	30
23	0	2032	3 	10	1	19
23	0	2035	1 	10	1	34
23	0	2035	2 	4	1	27
23	0	2035	3 	12	1	15
23	0	2035	4 	1	1	30
23	0	2041	1 	6	1	20
23	0	2041	2 	13	1	20
23	0	2041	3 	2	1	25
23	0	2041	4 	7	1	25
23	0	2041	5 	11	1	25
23	0	2041	6 	46	1	10
23	0	2041	7 	47	1	17
23	0	2043	1 	10	1	37
23	0	2044	1 	5	0	30
23	0	2044	2 	2	0	30
23	0	2044	3 	4	0	20
23	0	2044	4 	12	0	15
23	0	2047	1 	11	1	30
23	0	2047	2 	13	0	30
23	0	2048	1 	1	0	25
23	0	2048	2 	5	0	25
23	0	2048	3 	18	0	20
23	0	2048	4 	26	0	25
23	0	2048	5 	31	0	5
23	0	2048	6 	38	0	34
23	0	2048	7 	51	0	15
23	0	2048	8 	7	0	10
23	0	2048	9 	58	0	5
23	0	2050	1 	11	0	25
23	0	2050	2 	35	0	25
23	0	2050	3 	5	0	20
23	0	2050	4 	39	0	25
23	0	2050	5 	47	0	5
23	0	2050	6 	67	0	1
23	0	2050	7 	61	0	3
23	0	2050	8 	26	0	30
23	0	2051	1 	7	1	30
23	0	2051	2 	53	1	5
23	0	2051	3 	23	1	10
23	0	2051	4 	39	1	10
23	0	2051	5 	4	1	15
23	0	2051	6 	10	1	25
23	0	2051	7 	27	1	10
23	0	2051	8 	32	1	15
23	0	2051	9 	35	1	25
23	0	2051	10 	67	1	10
23	0	2052	1 	10	0	25
23	0	2052	2 	47	0	5
23	0	2052	3 	53	0	14
23	0	2052	4 	23	0	20
23	0	2052	5 	67	0	1
23	0	2052	6 	27	0	27
23	0	2052	7 	32	0	15
23	0	2052	8 	39	0	15
23	0	2052	9 	61	0	5
23	0	2052	10 	35	0	25
23	0	2053	1 	3	0	20
23	0	2053	2 	13	0	15
23	0	2053	3 	67	0	1
23	0	2053	4 	12	0	25
23	0	2053	6 	32	0	15
23	0	2053	7 	5	0	25
23	0	2053	8 	8	0	25
23	0	2053	9 	47	0	16
23	0	2053	10 	53	0	1
23	0	2055	1 	1	1	25
23	0	2055	2 	10	1	20
23	0	2055	3 	23	1	10
23	0	2055	4 	28	1	5
23	0	2055	5 	32	1	30
23	0	2055	6 	54	1	36
23	0	2055	7 	68	1	14
23	0	2057	1 	67	0	1
23	0	2057	2 	56	0	15
23	0	2057	3 	18	0	28
23	0	2057	4 	21	0	15
23	0	2057	5 	26	0	25
23	0	2057	6 	58	0	10
23	0	2057	7 	43	0	25
23	0	2057	8 	77	0	5
23	0	2057	9 	55	0	5
23	0	2057	10 	54	0	33
23	0	2060	1 	3	0	25
23	0	2060	2 	1	0	39
23	0	2060	3 	22	0	15
23	0	2060	4 	63	0	5
23	0	2060	5 	67	0	5
23	0	2060	6 	38	0	20
23	0	2060	7 	42	0	6
23	0	2060	8 	41	0	10
23	0	2060	9 	54	0	20
23	0	2060	10 	47	0	18
23	0	2062	1 	11	0	20
23	0	2062	2 	12	0	18
23	0	2062	3 	8	0	18
23	0	2062	4 	3	0	14
23	0	2065	1 	11	0	25
23	0	2065	2 	6	0	15
23	0	2065	3 	22	0	20
23	0	2065	4 	26	0	25
23	0	2065	5 	28	0	8
23	0	2065	6 	38	0	25
23	0	2065	7 	47	0	15
23	0	2065	8 	35	0	5
23	0	2065	9 	48	0	15
23	0	2065	10 	60	0	14
23	0	2067	1 	6	0	25
23	0	2067	2 	2	0	25
23	0	2067	3 	7	0	15
23	0	2067	4 	1	0	5
23	0	2067	5 	20	0	20
23	0	2067	6 	33	0	5
23	0	2067	7 	38	0	36
23	0	2067	8 	51	0	10
23	0	2067	9 	55	0	15
23	0	2067	10 	67	0	5
23	0	2069	1 	7	1	20
23	0	2069	2 	1	1	25
23	0	2069	3 	23	1	20
23	0	2069	4 	11	1	20
23	0	2069	5 	38	1	25
23	0	2069	6 	56	1	12
23	0	2069	7 	69	1	1
23	0	2070	1 	10	0	26
23	0	2070	2 	4	0	35
23	0	2070	3 	5	0	19
23	0	2070	4 	1	1	5
23	0	2070	5 	8	0	9
23	0	2072	1 	11	0	25
23	0	2072	2 	7	0	13
23	0	2072	3 	23	0	25
23	0	2072	4 	1	0	20
23	0	2072	5 	38	0	34
23	0	2072	6 	48	0	15
23	0	2073	1 	5	1	37
23	0	2073	2 	11	1	20
23	0	2073	3 	13	0	25
23	0	2073	4 	36	1	20
23	0	2073	5 	35	0	25
23	0	2073	6 	52	0	5
23	0	2073	7 	60	1	10
23	0	2073	8 	69	0	5
23	0	2076	1 	3	1	22
23	0	2076	2 	5	0	25
23	0	2076	3 	26	0	25
23	0	2076	4 	41	0	25
23	0	2076	5 	46	0	25
23	0	2076	6 	35	0	22
23	0	2079	1 	5	0	36
23	0	2079	2 	11	0	25
23	0	2079	3 	19	0	15
23	0	2079	4 	62	0	10
23	0	2079	5 	2	0	10
23	0	2079	6 	41	0	15
23	0	2079	7 	46	0	7
23	0	2079	8 	47	0	32
23	0	2079	9 	3	0	5
23	0	2082	1 	12	0	30
23	0	2082	2 	3	0	5
23	0	2082	3 	23	0	20
23	0	2082	4 	26	0	5
23	0	2082	5 	36	0	25
23	0	2082	6 	61	0	5
23	0	2082	7 	56	0	25
23	0	2082	8 	54	0	14
23	0	2082	9 	35	0	5
23	0	2082	10 	62	0	19
23	0	2085	1 	2	0	25
23	0	2085	2 	20	0	20
23	0	2085	3 	21	0	15
23	0	2085	4 	31	0	20
23	0	2085	5 	36	0	25
23	0	2085	6 	38	0	10
23	0	2085	7 	41	0	35
23	0	2085	8 	47	0	5
23	0	2085	9 	56	0	5
23	0	2085	10 	55	0	5
23	0	2086	1 	10	1	20
23	0	2086	2 	6	1	10
23	0	2086	3 	8	1	5
23	0	2086	4 	18	1	25
23	0	2086	5 	4	1	5
23	0	2086	6 	1	1	5
23	0	2086	7 	21	1	5
23	0	2086	8 	32	1	30
23	0	2086	9 	41	1	25
23	0	2086	10 	63	1	10
23	0	2087	1 	5	0	35
23	0	2087	2 	13	1	15
23	0	2087	3 	20	0	10
23	0	2087	4 	1	0	30
23	0	2087	5 	31	0	30
23	0	2087	6 	41	0	18
23	0	2090	1 	4	1	41
23	0	2090	2 	10	1	24
23	0	2090	3 	18	1	10
23	0	2090	4 	7	1	10
23	0	2091	1 	7	1	35
23	0	2091	2 	11	1	10
23	0	2091	3 	6	1	6
23	0	2091	4 	46	1	25
23	0	2093	1 	2	1	20
23	0	2093	2 	5	1	10
23	0	2093	3 	6	1	30
23	0	2093	4 	21	1	5
23	0	2093	5 	26	0	5
23	0	2093	6 	32	1	30
23	0	2093	7 	39	1	5
23	0	2093	8 	38	1	22
23	0	2093	9 	5	0	15
23	0	2093	10 	35	1	10
23	0	2096	1 	3	0	25
23	0	2096	2 	15	0	20
23	0	2096	3 	20	0	27
23	0	2096	4 	34	0	15
23	0	2096	5 	63	0	5
23	0	2096	6 	46	0	25
23	0	2101	1 	1	0	30
23	0	2101	2 	11	0	25
23	0	2101	3 	31	0	15
23	0	2101	4 	38	0	25
23	0	2101	5 	41	0	5
23	0	2101	6 	7	0	24
23	0	2101	7 	4	0	5
23	0	2103	1 	17	0	39
23	0	2103	2 	77	0	1
23	0	2103	3 	56	0	15
23	0	2103	4 	71	0	1
23	0	2103	5 	21	0	10
23	0	2103	6 	37	0	25
23	0	2103	7 	53	0	12
23	0	2103	8 	67	0	1
23	0	2103	9 	54	0	10
23	0	2103	10 	55	0	25
23	0	2106	1 	12	0	15
23	0	2106	2 	14	0	15
23	0	2106	3 	5	0	30
23	0	2106	4 	22	0	25
23	0	2106	5 	38	0	20
23	0	2106	6 	45	0	10
23	0	2106	7 	71	0	5
23	0	2106	8 	35	0	14
23	0	2106	9 	51	0	10
23	0	2106	10 	62	0	5
23	0	2107	1 	11	0	24
23	0	2107	2 	1	0	10
23	0	2107	3 	31	0	20
23	0	2107	4 	4	0	10
23	0	2107	5 	8	0	10
23	0	2107	6 	7	0	10
23	0	2107	7 	2	0	10
23	0	2107	8 	9	0	10
23	0	2111	1 	1	0	15
23	0	2111	2 	19	0	20
23	0	2111	3 	5	0	25
23	0	2111	4 	70	0	1
23	0	2111	5 	29	0	30
23	0	2111	6 	71	0	14
23	0	2111	7 	54	0	20
23	0	2111	8 	47	0	5
23	0	2111	9 	53	0	5
23	0	2111	10 	50	0	5
23	0	2114	1 	11	0	36
23	0	2114	2 	20	0	25
23	0	2114	3 	21	0	25
23	0	2114	4 	42	0	25
23	0	2114	5 	48	1	5
23	0	2115	1 	7	1	34
23	0	2115	2 	4	1	20
23	0	2115	3 	10	1	25
23	0	2115	4 	8	1	15
23	0	2115	5 	3	1	10
23	0	2115	6 	29	1	30
23	0	2115	7 	36	1	10
23	0	2115	8 	50	1	13
23	0	2115	9 	56	1	1
23	0	2117	1 	3	0	20
23	0	2117	2 	1	0	25
23	0	2117	3 	5	0	15
23	0	2117	4 	4	0	15
23	0	2117	5 	33	0	5
23	0	2117	6 	31	0	25
23	0	2117	7 	56	0	15
23	0	2117	8 	47	0	30
23	0	2118	1 	6	0	25
23	0	2118	2 	9	0	20
23	0	2118	3 	11	0	20
23	0	2118	4 	29	0	33
23	0	2118	5 	27	0	15
23	0	2118	6 	41	0	20
23	0	2118	7 	42	0	15
23	0	2118	8 	35	0	10
23	0	2118	9 	62	0	5
23	0	2120	1 	8	1	25
23	0	2120	2 	1	1	20
23	0	2120	3 	33	1	33
23	0	2120	4 	44	1	25
23	0	2120	5 	38	1	21
23	0	2120	6 	54	1	10
23	0	2120	7 	47	1	15
23	0	2122	1 	2	0	20
23	0	2122	2 	5	0	25
23	0	2122	3 	37	0	30
23	0	2122	4 	28	0	20
23	0	2122	5 	70	0	5
23	0	2122	6 	45	0	25
23	0	2122	7 	48	0	9
23	0	2122	8 	62	0	1
23	0	2122	9 	55	0	10
23	0	2122	10 	74	0	10
23	0	2125	1 	4	0	20
23	0	2125	2 	12	0	20
23	0	2125	3 	13	0	30
23	0	2125	4 	2	0	27
23	0	2127	1 	2	1	25
23	0	2127	2 	1	1	30
23	0	2127	3 	5	0	30
23	0	2128	1 	12	0	15
23	0	2128	2 	8	0	30
23	0	2128	3 	21	0	25
23	0	2128	4 	46	0	20
23	0	2130	1 	10	1	33
23	0	2130	2 	4	1	30
23	0	2130	3 	7	1	10
23	0	2130	4 	12	1	10
23	0	2130	5 	9	1	10
23	0	2130	6 	29	1	20
23	0	2130	7 	8	1	10
23	0	2130	8 	38	1	15
23	0	2130	9 	67	1	5
23	0	2132	1 	5	1	33
23	0	2132	2 	2	1	5
23	0	2132	3 	62	1	5
23	0	2132	4 	18	1	15
23	0	2132	5 	28	1	10
23	0	2132	6 	11	1	20
23	0	2132	7 	37	1	25
23	0	2132	8 	47	1	8
23	0	2132	9 	48	1	25
23	0	2132	10 	35	0	5
23	0	2135	1 	7	1	40
23	0	2135	2 	4	1	25
23	0	2135	3 	10	1	20
23	0	2136	1 	11	0	25
23	0	2136	2 	42	0	25
23	0	2136	3 	46	0	25
23	0	2137	1 	3	0	42
23	0	2137	2 	6	0	20
23	0	2137	3 	46	0	13
23	0	2144	1 	4	0	27
23	0	2144	2 	1	0	31
23	0	2144	3 	42	0	10
23	0	2144	4 	56	0	20
23	0	2144	5 	62	0	10
23	0	2147	1 	4	1	43
23	0	2147	2 	46	1	25
23	0	2147	3 	63	1	9
23	0	2148	1 	2	0	15
23	0	2148	2 	3	0	20
23	0	2148	3 	14	0	10
23	0	2148	4 	19	0	20
23	0	2148	5 	54	0	10
23	0	2148	6 	29	0	20
23	0	2148	7 	56	0	5
23	0	2148	8 	34	0	34
23	0	2148	9 	62	0	18
23	0	2148	10 	45	0	10
23	0	2149	1 	8	1	33
23	0	2149	2 	11	1	25
23	0	2149	3 	14	1	5
23	0	2149	4 	54	1	5
23	0	2149	5 	26	1	20
23	0	2149	6 	29	1	15
23	0	2149	7 	32	1	5
23	0	2149	8 	34	1	25
23	0	2149	9 	55	0	10
23	0	2149	10 	58	1	7
23	0	2150	1 	3	0	25
23	0	2150	2 	31	1	22
23	0	2150	3 	2	0	25
23	0	2150	4 	42	1	25
23	0	2151	1 	3	0	27
23	0	2151	2 	56	0	37
23	0	2151	3 	13	0	15
23	0	2151	4 	35	0	10
23	0	2151	5 	23	0	15
23	0	2151	6 	27	0	15
23	0	2151	7 	54	0	1
23	0	2151	8 	62	0	1
23	0	2151	9 	45	0	20
23	0	2151	10 	41	0	20
23	0	2152	1 	2	1	30
23	0	2152	2 	9	1	25
23	0	2152	3 	47	0	22
23	0	2152	4 	55	1	22
23	0	2152	5 	62	1	1
23	0	2153	1 	1	0	10
23	0	2153	2 	71	0	1
23	0	2153	3 	16	0	27
23	0	2153	4 	26	0	30
23	0	2153	5 	53	1	5
23	0	2153	6 	27	0	10
23	0	2153	7 	32	0	5
23	0	2153	8 	43	0	25
23	0	2153	9 	46	0	25
23	0	2153	10 	47	0	10
23	0	2154	1 	5	0	25
23	0	2154	2 	1	0	5
23	0	2154	3 	38	0	25
23	0	2154	4 	47	0	38
23	0	2154	5 	3	0	10
23	0	2154	6 	32	0	25
23	0	2154	7 	39	0	5
23	0	2154	8 	35	0	7
23	0	2154	9 	70	0	1
23	0	2154	10 	56	0	6
23	0	2159	1 	12	1	25
23	0	2159	2 	20	1	25
23	0	2159	3 	23	1	25
23	0	2159	4 	31	1	29
23	0	2160	1 	5	0	30
23	0	2160	2 	13	1	25
23	0	2160	3 	8	0	10
23	0	2161	1 	10	1	35
23	0	2161	2 	4	1	10
23	0	2161	3 	3	1	25
23	0	2162	1 	12	1	30
23	0	2162	2 	5	1	21
23	0	2162	3 	31	1	30
23	0	2162	4 	32	1	23
23	0	2162	5 	36	1	5
23	0	2163	1 	6	1	30
23	0	2163	2 	13	1	26
23	0	2163	3 	12	0	16
23	0	2163	4 	26	0	21
23	0	2163	5 	38	0	17
23	0	2163	6 	48	0	14
23	0	2164	1 	8	0	25
23	0	2164	2 	8	1	30
23	0	2164	3 	26	1	20
23	0	2164	4 	11	1	20
23	0	2164	5 	35	1	25
23	0	2164	6 	47	1	9
23	0	2168	1 	10	1	30
23	0	2168	2 	8	1	20
23	0	2168	3 	43	1	20
23	0	2168	4 	51	1	10
23	0	2171	1 	1	0	30
23	0	2171	2 	4	0	5
23	0	2174	1 	13	1	15
23	0	2174	2 	29	1	20
23	0	2174	3 	23	1	18
23	0	2174	4 	6	1	37
23	0	2174	5 	67	1	3
23	0	2174	6 	54	1	20
23	0	2174	7 	41	1	15
23	0	2174	8 	47	1	15
23	0	2174	9 	35	0	5
23	0	2174	10 	62	1	11
23	0	2177	1 	11	1	30
23	0	2177	2 	3	0	25
23	0	2179	1 	11	0	25
23	0	2179	2 	1	0	21
23	0	2179	3 	13	0	15
23	0	2179	4 	20	0	25
23	0	2179	5 	8	0	6
23	0	2179	6 	5	0	14
23	0	2179	7 	23	0	23
23	0	2179	8 	6	0	5
23	0	2179	9 	3	0	5
23	0	2181	1 	2	1	25
23	0	2181	2 	5	1	20
23	0	2181	3 	7	1	25
23	0	2181	4 	32	1	20
23	0	2181	5 	35	1	30
23	0	2181	6 	53	1	4
23	0	2181	7 	60	1	5
23	0	2182	1 	3	0	26
23	0	2182	2 	23	0	25
23	0	2182	3 	3	1	25
23	0	2184	1 	12	1	40
23	0	2184	2 	6	1	10
23	0	2184	3 	18	1	30
23	0	2184	4 	31	1	5
23	0	2184	5 	42	1	1
23	0	2184	6 	43	1	10
23	0	2184	7 	53	1	25
23	0	2184	8 	62	1	1
23	0	2184	9 	63	1	5
23	0	2186	1 	10	1	25
23	0	2186	2 	16	1	15
23	0	2186	3 	24	1	10
23	0	2186	4 	18	1	36
23	0	2186	5 	30	1	15
23	0	2186	6 	34	1	15
23	0	2186	7 	39	1	25
23	0	2188	1 	12	1	26
23	0	2188	2 	14	1	20
23	0	2188	3 	46	1	10
23	0	2188	4 	18	1	15
23	0	2188	5 	10	1	18
23	0	2188	6 	28	1	15
23	0	2188	7 	32	1	20
23	0	2188	8 	35	1	12
23	0	2188	9 	61	1	10
23	0	2188	10 	56	1	15
23	0	2193	1 	10	1	30
23	0	2193	2 	14	1	25
23	0	2193	3 	36	1	15
23	0	2193	4 	12	1	20
23	0	2193	5 	46	1	20
23	0	2194	1 	8	1	25
23	0	2194	2 	2	1	5
23	0	2194	3 	6	1	25
23	0	2194	4 	29	1	11
23	0	2194	5 	27	1	25
23	0	2194	6 	33	1	5
23	0	2194	7 	42	1	25
23	0	2194	8 	58	1	14
23	0	2194	9 	56	1	9
23	0	2194	10 	72	1	5
23	0	2196	1 	5	0	25
23	0	2196	2 	16	0	25
23	0	2196	3 	24	0	10
23	0	2196	4 	30	0	5
23	0	2196	5 	34	0	25
23	0	2196	6 	47	0	30
23	0	2198	1 	2	1	30
23	0	2198	2 	19	0	18
23	0	2198	3 	5	0	20
23	0	2198	4 	26	0	20
23	0	2198	5 	67	0	1
23	0	2198	6 	31	0	10
23	0	2198	7 	55	0	15
23	0	2198	8 	38	0	25
23	0	2198	9 	48	0	5
23	0	2198	10 	48	1	8
23	0	2199	1 	7	1	25
23	0	2199	2 	16	1	25
23	0	2199	3 	18	1	15
23	0	2199	4 	29	1	10
23	0	2199	5 	73	1	1
23	0	2199	6 	38	1	25
23	0	2199	7 	62	1	1
23	0	2199	8 	53	1	14
23	0	2199	9 	63	0	1
23	0	2199	10 	39	1	8
23	0	2200	1 	8	1	36
23	0	2200	2 	2	1	10
23	0	2200	3 	14	1	15
23	0	2200	4 	4	1	15
23	0	2200	5 	12	1	15
23	0	2200	6 	30	1	10
23	0	2200	7 	3	1	25
23	0	2200	8 	38	1	13
23	0	2200	9 	37	1	15
23	0	2200	10 	58	1	5
23	0	2201	1 	8	0	25
23	0	2201	2 	8	1	25
23	0	2201	3 	32	1	10
23	0	2201	4 	18	1	15
23	0	2201	5 	17	1	15
23	0	2201	6 	58	1	5
23	0	2201	7 	27	0	12
23	0	2201	8 	54	1	42
23	0	2201	9 	45	1	5
23	0	2201	10 	74	1	5
23	0	2210	1 	55	1	10
23	0	2210	2 	6	1	25
23	0	2210	3 	23	1	20
23	0	2210	4 	56	1	3
23	0	2210	5 	27	1	30
23	0	2210	6 	32	1	15
23	0	2210	7 	41	1	15
23	0	2210	8 	39	1	10
23	0	2210	9 	54	1	20
23	0	2210	10 	35	1	5
23	0	2214	1 	7	1	30
23	0	2214	2 	15	1	5
23	0	2214	3 	12	1	10
23	0	2214	4 	21	1	5
23	0	2214	5 	18	1	25
23	0	2214	6 	27	1	10
23	0	2214	7 	38	1	20
23	0	2214	8 	35	1	5
23	0	2214	9 	45	1	20
23	0	2214	10 	47	1	10
23	0	2219	1 	12	0	15
23	0	2219	2 	1	0	5
23	0	2219	3 	5	0	16
23	0	2219	4 	38	0	10
23	0	2219	5 	60	0	6
23	0	2219	6 	22	0	25
23	0	2219	7 	26	0	25
23	0	2219	8 	29	0	42
23	0	2219	9 	27	0	12
23	0	2219	10 	50	0	10
23	0	2220	1 	12	0	30
23	0	2220	2 	1	0	5
23	0	2220	3 	21	0	5
23	0	2220	4 	56	0	20
23	0	2220	5 	3	0	5
23	0	2220	6 	32	0	25
23	0	2220	7 	39	0	5
23	0	2220	8 	38	0	5
23	0	2220	9 	54	0	25
23	0	2220	10 	35	0	8
23	0	2224	1 	2	1	20
23	0	2224	2 	5	1	10
23	0	2224	3 	13	1	20
23	0	2224	4 	18	1	18
23	0	2224	5 	53	1	6
23	0	2224	6 	22	1	25
23	0	2224	7 	38	1	30
23	0	2224	8 	29	1	20
23	0	2224	9 	55	0	5
23	0	2224	10 	35	1	1
23	0	2225	1 	5	1	27
23	0	2225	2 	6	1	25
23	0	2225	3 	21	1	5
23	0	2225	4 	26	1	5
23	0	2225	5 	11	1	25
23	0	2225	6 	32	1	15
23	0	2225	7 	39	1	15
23	0	2225	8 	56	1	5
23	0	2225	9 	54	1	14
23	0	2225	10 	35	1	10
23	0	2228	1 	1	0	25
23	0	2228	2 	4	0	30
23	0	2228	3 	26	0	25
23	0	2228	4 	33	0	20
23	0	2228	5 	46	0	17
23	0	2229	1 	10	1	30
23	0	2229	2 	4	1	25
23	0	2229	3 	54	1	5
23	0	2229	4 	29	1	20
23	0	2229	5 	3	1	10
23	0	2229	6 	27	1	20
23	0	2229	7 	50	1	10
23	0	2229	8 	45	1	1
23	0	2229	9 	41	1	25
23	0	2229	10 	35	0	10
23	0	2230	1 	10	1	20
23	0	2230	2 	3	1	15
23	0	2230	3 	13	1	11
23	0	2230	4 	18	1	25
23	0	2230	5 	21	1	1
23	0	2236	1 	8	0	25
23	0	2236	2 	19	0	25
23	0	2236	3 	23	0	25
23	0	2236	4 	48	1	14
23	0	2239	1 	4	1	30
23	0	2239	2 	1	0	30
23	0	2239	3 	18	0	30
23	0	2240	1 	10	1	30
23	0	2240	2 	6	0	25
23	0	2240	3 	3	1	20
23	0	2240	4 	12	1	10
23	0	2242	1 	9	1	17
23	0	2242	2 	10	1	25
23	0	2242	3 	19	1	25
23	0	2242	4 	29	1	8
23	0	2242	5 	22	1	29
23	0	2242	6 	27	0	5
23	0	2242	7 	33	1	25
23	0	2242	8 	39	1	8
23	0	2245	1 	9	1	36
23	0	2245	2 	2	1	19
23	0	2246	1 	12	1	30
23	0	2246	2 	10	0	25
23	0	2246	3 	23	0	15
23	0	2246	4 	31	1	25
23	0	2246	5 	42	1	10
23	0	2246	6 	46	0	10
23	0	2248	1 	10	0	15
23	0	2248	2 	52	0	20
23	0	2248	3 	16	0	25
23	0	2248	4 	19	0	5
23	0	2248	5 	45	0	15
23	0	2248	6 	22	0	18
23	0	2248	7 	5	0	15
23	0	2248	8 	25	1	5
23	0	2248	9 	29	0	30
23	0	2248	10 	69	0	5
23	0	2249	1 	1	0	10
23	0	2249	2 	5	0	30
23	0	2249	3 	4	0	20
23	0	2249	4 	38	0	37
23	0	2249	5 	3	0	5
23	0	2249	6 	62	0	5
23	0	2250	1 	11	1	25
23	0	2250	2 	6	1	20
23	0	2250	3 	4	1	25
23	0	2250	4 	13	1	20
23	0	2250	5 	18	1	27
23	0	2250	6 	54	1	5
23	0	2250	7 	33	1	10
23	0	2250	8 	21	1	5
23	0	2250	9 	32	1	5
23	0	2250	10 	53	1	5
23	0	2251	1 	1	0	15
23	0	2251	2 	54	0	5
23	0	2251	3 	13	0	10
23	0	2251	4 	5	0	25
23	0	2251	5 	53	0	5
23	0	2251	6 	33	0	5
23	0	2251	7 	2	0	20
23	0	2251	8 	48	0	3
23	0	2251	9 	26	0	27
23	0	2251	10 	21	0	25
23	0	2253	1 	8	1	30
23	0	2253	2 	15	1	25
23	0	2253	3 	16	1	20
23	0	2253	4 	23	1	10
23	0	2253	5 	41	1	28
23	0	2253	6 	47	1	8
23	0	2255	1 	6	1	15
23	0	2255	2 	9	1	10
23	0	2255	3 	2	1	20
23	0	2255	4 	18	1	15
23	0	2255	5 	24	1	15
23	0	2255	6 	33	1	25
23	0	2255	7 	28	1	25
23	0	2255	8 	46	1	15
23	0	2255	9 	43	1	14
23	0	2258	1 	12	1	29
23	0	2258	2 	8	1	20
23	0	2258	3 	14	1	25
23	0	2258	4 	28	1	10
23	0	2258	5 	10	1	25
23	0	2258	6 	48	1	5
23	0	2259	1 	11	1	30
23	0	2259	2 	3	1	20
23	0	2259	3 	7	1	20
23	0	2259	4 	31	1	10
23	0	2259	5 	48	1	10
23	0	2259	6 	54	1	10
23	0	2259	7 	56	1	10
23	0	2261	1 	5	0	30
23	0	2261	2 	3	0	30
23	0	2261	3 	2	0	24
23	0	2261	4 	20	0	8
23	0	2261	5 	2	1	10
23	0	2261	6 	11	0	7
23	0	2261	7 	3	1	8
23	0	2262	1 	11	0	15
23	0	2262	2 	5	0	25
23	0	2262	3 	18	0	5
23	0	2262	4 	22	0	15
23	0	2262	5 	26	0	25
23	0	2262	6 	53	0	1
23	0	2262	7 	27	0	10
23	0	2262	8 	29	0	30
23	0	2262	9 	38	0	10
23	0	2262	10 	45	0	15
23	0	2263	1 	11	1	30
23	0	2263	3 	13	1	20
23	0	2263	4 	5	1	10
23	0	2263	5 	2	1	5
23	0	2263	6 	20	1	5
23	0	2263	7 	28	1	20
23	0	2263	8 	31	1	10
23	0	2263	9 	39	1	25
23	0	2263	10 	35	1	12
23	0	2264	1 	5	1	15
23	0	2264	2 	2	1	30
23	0	2264	3 	18	1	20
23	0	2264	4 	24	1	25
23	0	2264	5 	33	1	10
23	0	2264	6 	28	1	25
23	0	2264	7 	38	1	1
23	0	2264	8 	46	1	10
23	0	2265	1 	12	0	20
23	0	2265	2 	9	0	25
23	0	2265	3 	22	0	10
23	0	2265	4 	26	0	10
23	0	2265	5 	27	0	5
23	0	2265	6 	29	0	35
23	0	2265	7 	38	0	5
23	0	2265	8 	45	0	20
23	0	2265	9 	53	0	15
23	0	2266	1 	11	1	25
23	0	2266	2 	8	1	20
23	0	2266	3 	18	1	5
23	0	2266	4 	53	1	28
23	0	2266	5 	3	1	10
23	0	2266	6 	29	1	25
23	0	2266	7 	31	1	15
23	0	2266	8 	41	1	5
23	0	2266	9 	45	1	5
23	0	2266	10 	47	1	5
23	0	2267	1 	7	1	25
23	0	2267	2 	10	1	15
23	0	2267	3 	18	1	25
23	0	2267	4 	47	1	5
23	0	2267	5 	25	1	5
23	0	2267	6 	27	1	11
23	0	2267	7 	38	1	20
23	0	2267	8 	31	1	5
23	0	2267	9 	39	1	32
23	0	2267	10 	48	1	5
23	0	2270	1 	1	0	10
23	0	2270	2 	5	0	15
23	0	2270	3 	16	0	43
23	0	2270	4 	26	0	5
23	0	2270	5 	17	1	20
23	0	2270	6 	29	0	25
23	0	2270	7 	70	0	5
23	0	2270	8 	55	0	5
23	0	2270	9 	35	0	10
23	0	2270	10 	41	0	20
23	0	2271	1 	7	1	35
23	0	2271	2 	7	0	25
23	0	2273	1 	7	1	30
23	0	2273	2 	13	1	20
23	0	2273	3 	23	1	25
23	0	2273	4 	45	0	15
23	0	2273	5 	54	1	15
23	0	2274	1 	12	0	25
23	0	2274	2 	2	0	15
23	0	2274	3 	6	0	26
23	0	2274	4 	19	0	10
23	0	2274	5 	22	0	15
23	0	2274	6 	24	0	10
23	0	2274	7 	9	0	25
23	0	2274	8 	11	0	20
23	0	2274	9 	34	0	10
23	0	2274	10 	45	0	5
23	0	2278	1 	9	1	25
23	0	2278	2 	2	1	25
23	0	2278	3 	12	1	25
23	0	2278	4 	22	1	5
23	0	2278	5 	8	1	20
23	0	2278	6 	4	1	25
23	0	2278	7 	7	1	5
23	0	2278	8 	34	1	5
23	0	2278	9 	45	1	5
23	0	2278	10 	55	1	5
23	0	2279	1 	7	1	20
23	0	2279	2 	18	1	25
23	0	2279	3 	21	1	20
23	0	2279	4 	12	1	20
23	0	2279	5 	46	1	20
23	0	2282	1 	12	1	25
23	0	2282	2 	5	1	15
23	0	2282	3 	33	1	34
23	0	2282	4 	46	1	25
23	0	2282	5 	55	0	10
23	0	2282	6 	61	1	1
23	0	2285	1 	10	1	35
23	0	2285	2 	3	1	20
23	0	2285	3 	6	1	10
23	0	2285	4 	33	1	15
23	0	2285	5 	29	1	20
23	0	2285	6 	32	1	10
23	0	2285	7 	45	1	10
23	0	2285	8 	38	1	11
23	0	2285	9 	53	1	10
23	0	2288	1 	6	1	16
23	0	2288	2 	10	1	25
23	0	2288	3 	20	1	5
23	0	2288	4 	3	0	6
23	0	2288	5 	23	1	25
23	0	2288	6 	28	1	10
23	0	2288	7 	38	1	1
23	0	2288	8 	43	1	10
23	0	2289	1 	5	0	20
23	0	2289	2 	3	0	15
23	0	2289	3 	1	0	15
23	0	2289	4 	8	0	15
23	0	2289	5 	4	0	25
23	0	2289	6 	31	0	20
23	0	2290	1 	5	0	29
23	0	2290	2 	5	1	28
23	0	2292	1 	9	0	33
23	0	2292	2 	1	0	30
23	0	2292	3 	3	0	27
23	0	2294	1 	2	1	30
23	0	2294	2 	7	1	15
23	0	2294	3 	10	1	15
23	0	2294	4 	12	0	20
23	0	2294	5 	3	1	6
23	0	2294	6 	4	1	10
23	0	2294	7 	5	0	15
23	0	2294	8 	8	0	15
23	0	2294	9 	1	0	10
23	0	2294	10 	7	0	10
23	0	2295	1 	1	0	27
23	0	2295	2 	3	0	15
23	0	2295	3 	9	0	20
23	0	2295	4 	19	0	15
23	0	2295	5 	22	0	25
23	0	2295	6 	24	0	5
23	0	2295	7 	30	0	25
23	0	2295	8 	11	0	10
23	0	2295	9 	55	0	5
23	0	2295	10 	45	0	10
23	0	2296	1 	6	1	25
23	0	2296	2 	3	1	15
23	0	2296	3 	10	1	18
23	0	2296	4 	19	1	5
23	0	2296	5 	22	1	10
23	0	2296	6 	24	1	5
23	0	2296	7 	30	1	12
23	0	2296	8 	34	1	25
23	0	2296	9 	45	1	30
23	0	2296	10 	55	1	5
23	0	2297	1 	9	0	20
23	0	2297	2 	3	1	25
23	0	2297	3 	13	1	22
23	0	2297	4 	23	0	15
23	0	2297	5 	42	0	15
23	0	2297	6 	46	1	10
23	0	2298	1 	7	1	30
23	0	2298	2 	5	1	30
23	0	2298	3 	48	1	22
23	0	2298	4 	53	1	13
23	0	2298	5 	68	1	5
23	0	2300	1 	9	1	25
23	0	2300	2 	11	1	20
23	0	2300	3 	23	1	25
23	0	2300	4 	31	1	20
23	0	2300	5 	46	1	19
23	0	2301	1 	1	0	20
23	0	2301	2 	9	0	20
23	0	2301	3 	5	0	5
23	0	2301	4 	8	0	15
23	0	2301	5 	29	0	25
23	0	2301	6 	42	0	25
23	0	2301	8 	39	0	5
23	0	2301	9 	46	0	5
23	0	2301	10 	47	0	5
23	0	2302	1 	12	0	38
23	0	2302	2 	5	0	28
23	0	2304	1 	6	0	25
23	0	2304	2 	26	0	30
23	0	2304	3 	27	0	15
23	0	2304	4 	36	0	15
23	0	2304	5 	38	0	27
23	0	2304	6 	37	0	6
23	0	2304	7 	54	0	15
23	0	2304	8 	53	0	5
23	0	2304	9 	58	0	15
23	0	2304	10 	35	0	1
23	0	2306	1 	11	0	30
23	0	2306	2 	1	0	5
23	0	2306	3 	18	0	15
23	0	2306	4 	22	0	15
23	0	2306	5 	31	0	5
23	0	2306	6 	34	0	5
23	0	2306	7 	45	0	25
23	0	2306	8 	38	0	15
23	0	2306	9 	41	0	13
23	0	2306	10 	54	0	5
23	0	2307	1 	10	0	40
23	0	2307	2 	1	0	10
23	0	2307	3 	8	0	1
23	0	2307	4 	22	0	20
23	0	2307	5 	29	0	25
23	0	2307	6 	27	0	5
23	0	2307	7 	9	0	20
23	0	2307	8 	34	0	15
23	0	2307	9 	45	0	5
23	0	2307	10 	55	0	5
23	0	2309	1 	4	0	31
23	0	2309	2 	1	0	10
23	0	2309	3 	18	0	10
23	0	2309	4 	22	0	10
23	0	2309	5 	23	0	25
23	0	2309	6 	31	0	5
23	0	2309	7 	34	0	5
23	0	2309	8 	45	0	5
23	0	2309	9 	41	0	5
23	0	2309	10 	54	0	25
23	0	2310	1 	11	1	25
23	0	2310	2 	7	1	25
23	0	2310	3 	19	1	20
23	0	2310	4 	21	1	10
23	0	2310	5 	38	1	22
23	0	2310	6 	39	1	20
23	0	2310	7 	7	0	5
23	0	2311	1 	6	1	20
23	0	2311	2 	2	1	25
23	0	2311	3 	18	1	21
23	0	2311	4 	11	1	30
23	0	2311	5 	8	1	5
23	0	2311	6 	48	1	5
23	0	2312	1 	8	1	32
23	0	2312	2 	7	1	10
23	0	2312	3 	18	1	25
23	0	2312	4 	31	1	15
23	0	2312	5 	34	1	11
23	0	2312	6 	45	1	10
23	0	2312	7 	54	1	10
23	0	2312	8 	46	1	1
23	0	2313	1 	2	1	30
23	0	2313	2 	3	0	25
23	0	2313	3 	31	1	20
23	0	2313	4 	42	1	15
23	0	2313	5 	9	0	10
23	0	2313	6 	46	0	10
23	0	2314	1 	8	1	20
23	0	2314	2 	61	1	1
23	0	2314	3 	50	1	1
23	0	2314	4 	35	1	37
23	0	2314	5 	22	1	25
23	0	2314	6 	46	1	10
23	0	2314	7 	27	1	10
23	0	2314	8 	32	1	10
23	0	2314	9 	38	1	10
23	0	2314	10 	31	1	10
23	0	2315	1 	1	0	21
23	0	2315	2 	18	0	25
23	0	2315	3 	22	0	10
23	0	2315	4 	7	0	10
23	0	2315	5 	27	0	41
23	0	2315	6 	35	0	10
23	0	2315	7 	38	0	5
23	0	2315	8 	33	0	10
23	0	2315	9 	45	0	19
23	0	2315	10 	58	0	1
23	0	2316	1 	12	0	10
23	0	2316	2 	45	0	20
23	0	2316	3 	51	0	1
23	0	2316	4 	15	0	10
23	0	2316	5 	22	0	40
23	0	2316	6 	23	0	10
23	0	2316	7 	27	0	20
23	0	2316	8 	26	0	17
23	0	2316	9 	38	0	6
23	0	2316	10 	5	0	15
23	0	2317	1 	10	1	27
23	0	2317	2 	17	1	16
23	0	2317	3 	27	1	25
23	0	2317	4 	32	1	10
23	0	2317	5 	38	1	15
23	0	2317	6 	31	1	20
23	0	2317	7 	45	1	5
23	0	2317	8 	51	1	4
23	0	2317	9 	50	1	25
23	0	2317	10 	61	1	1
23	0	2318	1 	1	0	34
23	0	2318	2 	8	0	15
23	0	2318	3 	4	0	25
23	0	2318	4 	5	0	25
23	0	2319	1 	3	0	36
23	0	2319	2 	2	1	11
23	0	2319	3 	10	1	10
23	0	2319	4 	11	1	25
23	0	2319	5 	43	1	20
23	0	2320	1 	10	1	16
23	0	2320	2 	5	1	7
23	0	2320	3 	8	1	6
23	0	2320	4 	6	1	6
23	0	2320	5 	9	1	6
23	0	2320	6 	12	1	4
23	0	2320	7 	4	1	2
23	0	2321	1 	2	1	30
23	0	2321	2 	11	1	25
23	0	2321	3 	33	1	10
23	0	2321	4 	46	1	15
23	0	2321	5 	45	1	5
23	0	2321	6 	54	1	25
23	0	2321	7 	61	1	17
23	0	2321	8 	12	1	10
23	0	2321	9 	71	1	5
23	0	2322	1 	10	1	30
23	0	2322	2 	31	1	25
23	0	2322	3 	38	1	25
23	0	2322	4 	53	1	20
23	0	2322	5 	55	1	10
23	0	2322	6 	62	1	5
23	0	2322	7 	54	1	5
23	0	2324	1 	5	0	25
23	0	2324	2 	19	0	15
23	0	2324	3 	1	0	5
23	0	2324	4 	22	0	20
23	0	2324	5 	25	1	6
23	0	2324	6 	29	0	30
23	0	2324	7 	38	0	5
23	0	2324	8 	45	0	15
23	0	2324	9 	63	0	20
23	0	2325	1 	6	1	34
23	0	2325	2 	16	1	25
23	0	2325	3 	43	1	15
23	0	2325	4 	31	1	20
23	0	2325	5 	29	1	10
23	0	2326	1 	5	0	24
23	0	2326	2 	3	0	16
23	0	2326	3 	6	0	25
23	0	2327	1 	10	1	25
23	0	2327	2 	7	1	15
23	0	2327	3 	17	1	30
23	0	2327	4 	50	1	19
23	0	2327	5 	29	1	20
23	0	2327	6 	27	1	10
23	0	2327	7 	27	0	5
23	0	2327	8 	35	0	10
23	0	2327	9 	38	1	10
23	0	2327	10 	67	1	1
23	0	2329	1 	12	0	18
23	0	2329	2 	8	1	7
23	0	2329	3 	9	0	3
23	0	2334	1 	5	0	30
23	0	2334	2 	3	0	5
23	0	2334	3 	13	0	25
23	0	2334	4 	21	0	10
23	0	2334	5 	18	0	5
23	0	2334	6 	31	0	5
23	0	2334	7 	48	0	18
23	0	2334	8 	45	0	26
23	0	2334	9 	47	0	1
23	0	2334	10 	35	0	1
23	0	2335	1 	2	1	32
23	0	2335	2 	5	1	10
23	0	2335	3 	13	1	12
23	0	2335	4 	11	1	25
23	0	2335	5 	42	1	10
23	0	2340	1 	10	1	25
23	0	2340	2 	8	1	10
23	0	2340	3 	7	1	25
23	0	2340	4 	11	1	20
23	0	2340	5 	29	1	20
23	0	2340	6 	28	1	10
23	0	2340	7 	38	1	5
23	0	2340	8 	64	1	5
23	0	2340	9 	53	1	5
23	0	2340	10 	47	1	5
23	0	2341	1 	10	0	20
23	0	2341	2 	1	0	5
23	0	2341	3 	5	0	25
23	0	2341	4 	47	0	5
23	0	2341	5 	7	0	10
23	0	2341	6 	29	0	30
23	0	2341	7 	28	1	15
23	0	2341	8 	38	0	5
23	0	2341	9 	64	0	5
23	0	2341	10 	53	0	5
23	0	2344	1 	11	0	30
23	0	2344	2 	3	0	25
23	0	2344	3 	9	0	25
23	0	2346	1 	6	0	15
23	0	2346	2 	12	0	5
23	0	2346	3 	1	1	10
23	0	2346	4 	2	1	21
23	0	2346	5 	18	1	25
23	0	2346	6 	22	1	21
23	0	2346	7 	23	1	22
23	0	2346	8 	45	1	10
23	0	2346	9 	54	1	1
23	0	2347	1 	7	1	35
23	0	2347	2 	4	1	15
23	0	2347	3 	18	1	25
23	0	2347	4 	17	1	5
23	0	2347	5 	35	1	5
23	0	2347	6 	36	1	5
23	0	2347	7 	27	1	20
23	0	2347	8 	38	1	10
23	0	2347	9 	45	1	10
23	0	2347	10 	50	1	4
23	0	2348	1 	11	0	10
23	0	2348	2 	4	0	15
23	0	2348	3 	1	0	20
23	0	2348	4 	18	0	20
23	0	2348	5 	60	0	10
23	0	2348	6 	26	0	25
23	0	2348	7 	27	0	5
23	0	2348	8 	5	0	5
23	0	2348	9 	38	0	14
23	0	2348	10 	45	0	10
23	0	2349	1 	5	0	25
23	0	2349	2 	4	0	25
23	0	2349	3 	13	0	5
23	0	2349	4 	22	0	30
23	0	2349	5 	50	0	5
23	0	2349	6 	21	0	5
23	0	2349	7 	27	0	10
23	0	2349	8 	38	0	5
23	0	2349	9 	45	0	15
23	0	2349	10 	43	0	18
23	0	2350	1 	2	1	23
23	0	2350	2 	13	1	15
23	0	2350	3 	11	1	20
23	0	2350	4 	18	1	20
23	0	2350	5 	31	1	1
23	0	2351	1 	2	1	20
23	0	2351	2 	6	1	10
23	0	2351	3 	13	1	25
23	0	2351	4 	5	1	25
23	0	2351	5 	19	1	25
23	0	2352	1 	16	0	31
23	0	2352	2 	7	0	25
23	0	2352	3 	5	0	25
23	0	2352	4 	1	0	6
23	0	2352	5 	38	0	15
23	0	2352	6 	27	0	10
23	0	2352	7 	38	1	10
23	0	2352	8 	52	0	10
23	0	2352	9 	54	0	10
23	0	2353	1 	8	1	29
23	0	2353	2 	18	1	25
23	0	2353	3 	10	1	25
23	0	2353	4 	4	1	10
23	0	2355	1 	50	0	1
23	0	2355	2 	33	0	1
23	0	2355	3 	45	0	15
23	0	2355	4 	2	1	20
23	0	2355	5 	17	1	15
23	0	2355	6 	17	0	15
23	0	2355	7 	37	1	4
23	0	2355	8 	29	1	10
23	0	2355	9 	1	0	25
23	0	2355	10 	38	1	19
23	0	2356	1 	50	0	1
23	0	2356	2 	33	0	1
23	0	2356	3 	45	0	15
23	0	2356	4 	2	1	20
23	0	2356	5 	17	1	15
23	0	2356	6 	17	0	15
23	0	2356	7 	37	1	4
23	0	2356	8 	29	1	10
23	0	2356	9 	1	0	25
23	0	2356	10 	38	1	19
23	0	2357	1 	50	0	1
23	0	2357	2 	33	0	1
23	0	2357	3 	45	0	15
23	0	2357	4 	2	1	20
23	0	2357	5 	17	1	15
23	0	2357	6 	17	0	15
23	0	2357	7 	37	1	4
23	0	2357	8 	29	1	10
23	0	2357	9 	1	0	25
23	0	2357	10 	38	1	19
23	0	2358	1 	50	0	1
23	0	2358	2 	33	0	1
23	0	2358	3 	45	0	15
23	0	2358	4 	2	1	20
23	0	2358	5 	17	1	15
23	0	2358	6 	17	0	15
23	0	2358	7 	37	1	4
23	0	2358	8 	29	1	10
23	0	2358	9 	1	0	25
23	0	2358	10 	38	1	19
23	0	2365	1 	10	1	25
23	0	2365	2 	3	1	24
23	0	2365	3 	8	1	25
23	0	2365	4 	23	1	10
23	0	2368	1 	10	1	25
23	0	2368	2 	8	1	20
23	0	2368	3 	18	1	12
23	0	2368	4 	17	1	10
23	0	2368	5 	27	1	17
23	0	2368	6 	54	1	33
23	0	2368	7 	58	1	5
23	0	2368	8 	53	1	10
23	0	2370	1 	1	0	25
23	0	2370	2 	7	0	25
23	0	2370	3 	23	0	10
23	0	2370	4 	29	0	22
23	0	2370	5 	34	0	10
23	0	2370	6 	38	0	10
23	0	2370	7 	45	0	15
23	0	2370	8 	51	0	7
23	0	2371	1 	6	1	30
23	0	2371	2 	10	1	25
23	0	2371	3 	18	1	20
23	0	2371	4 	27	1	15
23	0	2371	5 	38	1	15
23	0	2371	6 	48	1	14
23	0	2371	7 	45	1	5
23	0	2378	1 	6	1	31
23	0	2378	2 	12	1	10
23	0	2378	3 	10	1	10
23	0	2378	4 	5	0	15
23	0	2378	5 	29	1	20
23	0	2378	6 	32	1	5
23	0	2378	7 	45	1	19
23	0	2378	8 	38	1	15
23	0	2378	9 	53	1	5
23	0	2383	1 	27	0	10
23	0	2383	2 	3	0	10
23	0	2383	3 	5	0	20
23	0	2383	4 	29	0	34
23	0	2383	5 	42	0	5
23	0	2383	6 	38	0	10
23	0	2383	7 	45	0	10
23	0	2384	1 	3	1	25
23	0	2384	2 	10	1	21
23	0	2384	3 	11	1	25
23	0	2384	4 	18	1	10
23	0	2384	5 	36	1	25
23	0	2388	1 	10	1	25
23	0	2388	2 	8	1	20
23	0	2388	3 	23	1	10
23	0	2388	4 	12	1	10
23	0	2388	5 	29	1	25
23	0	2388	6 	38	1	10
23	0	2388	7 	27	1	25
23	0	2388	8 	32	1	18
23	0	2388	9 	55	1	1
23	0	2388	10 	62	0	1
23	0	2389	1 	7	0	25
23	0	2389	2 	1	0	5
23	0	2389	3 	5	0	15
23	0	2389	4 	9	0	15
23	0	2389	5 	3	0	5
23	0	2389	6 	29	0	25
23	0	2389	7 	39	0	20
23	0	2389	8 	38	0	5
23	0	2389	9 	37	0	19
23	0	2392	1 	10	1	31
23	0	2392	2 	2	1	16
23	0	2392	3 	8	1	14
23	0	2392	4 	7	1	15
23	0	2392	5 	1	1	17
23	0	2392	6 	31	1	17
23	0	2393	1 	10	1	30
23	0	2393	2 	7	1	18
23	0	2393	3 	4	1	15
23	0	2393	4 	33	1	5
23	0	2393	5 	36	1	15
23	0	2393	6 	39	1	15
23	0	2393	7 	50	1	10
23	0	2393	8 	52	1	2
23	0	2395	1 	12	0	25
23	0	2395	2 	13	0	15
23	0	2395	3 	9	0	20
23	0	2395	4 	33	0	20
23	0	2395	5 	27	0	15
23	0	2395	6 	63	0	25
23	0	2395	7 	54	0	1
23	0	2398	1 	8	0	25
23	0	2398	2 	5	1	10
23	0	2398	3 	13	0	5
23	0	2398	4 	1	0	5
23	0	2398	5 	3	0	5
23	0	2398	6 	22	0	25
23	0	2398	7 	29	0	25
23	0	2398	8 	27	0	15
23	0	2398	9 	48	1	5
23	0	2398	10 	64	0	6
23	0	2400	1 	5	0	15
23	0	2400	2 	1	0	25
23	0	2400	3 	19	0	25
23	0	2400	4 	13	0	10
23	0	2400	5 	20	0	1
23	0	2400	6 	3	0	20
23	0	2400	7 	21	0	10
23	0	2400	8 	31	0	15
23	0	2403	1 	8	1	27
23	0	2403	2 	10	1	20
23	0	2403	3 	11	1	20
23	0	2403	4 	22	1	6
23	0	2403	5 	18	1	20
23	0	2403	6 	48	1	5
23	0	2403	7 	33	1	10
23	0	2403	8 	38	1	10
23	0	2403	9 	28	1	5
23	0	2403	10 	39	1	10
23	0	2404	1 	7	0	27
23	0	2404	2 	1	0	21
23	0	2404	3 	5	0	15
23	0	2404	4 	22	0	20
23	0	2404	5 	48	0	10
23	0	2404	6 	31	0	10
23	0	2404	7 	28	0	10
23	0	2404	8 	45	0	6
23	0	2405	1 	11	1	30
23	0	2405	2 	13	1	1
23	0	2405	3 	10	1	25
23	0	2405	4 	8	1	20
23	0	2406	1 	11	1	27
23	0	2406	2 	1	1	25
23	0	2406	3 	18	1	25
23	0	2406	4 	17	1	5
23	0	2406	5 	23	1	5
23	0	2406	6 	2	1	6
23	0	2407	1 	12	1	20
23	0	2407	2 	10	1	15
23	0	2407	3 	13	1	15
23	0	2407	4 	18	1	30
23	0	2407	5 	23	1	21
23	0	2407	6 	32	1	6
23	0	2408	1 	9	0	10
23	0	2408	2 	5	0	15
23	0	2408	3 	9	1	20
23	0	2408	5 	20	1	10
23	0	2408	6 	27	0	5
23	0	2408	7 	51	1	41
23	0	2408	8 	7	1	5
23	0	2408	9 	29	0	15
23	0	2408	10 	29	1	15
23	0	2410	1 	10	1	30
23	0	2410	2 	3	1	20
23	0	2410	3 	12	1	15
23	0	2410	4 	8	1	5
23	0	2410	5 	4	1	19
23	0	2410	6 	29	1	10
23	0	2410	7 	36	1	10
23	0	2410	8 	32	1	10
23	0	2411	1 	8	1	25
23	0	2411	2 	12	1	5
23	0	2411	3 	18	1	15
23	0	2411	4 	17	1	5
23	0	2411	5 	42	0	19
23	0	2411	6 	11	1	25
23	0	2411	7 	27	1	5
23	0	2411	8 	38	1	10
23	0	2411	9 	35	0	10
23	0	2412	1 	10	1	25
23	0	2412	2 	7	1	7
23	0	2412	3 	18	1	15
23	0	2412	4 	17	1	5
23	0	2412	5 	22	1	1
23	0	2412	6 	29	1	10
23	0	2412	7 	27	1	25
23	0	2412	8 	38	1	5
23	0	2412	9 	35	0	10
23	0	2412	10 	41	1	22
23	0	2413	1 	5	0	15
23	0	2413	2 	3	0	20
23	0	2413	3 	17	0	19
23	0	2413	4 	22	0	5
23	0	2413	5 	7	0	10
23	0	2413	6 	29	0	25
23	0	2413	7 	27	0	11
23	0	2413	8 	38	0	1
23	0	2413	9 	35	0	1
23	0	2413	10 	41	0	19
23	0	2414	1 	4	0	25
23	0	2414	2 	5	0	15
23	0	2414	4 	22	0	23
23	0	2414	5 	29	0	10
23	0	2414	6 	38	0	29
23	0	2414	7 	7	0	10
23	0	2414	8 	35	0	1
23	0	2414	9 	41	0	1
23	0	2415	1 	11	0	25
23	0	2415	2 	3	0	25
23	0	2415	3 	4	0	20
23	0	2416	1 	2	1	25
23	0	2416	2 	5	1	25
23	0	2416	3 	6	1	10
23	0	2419	1 	4	1	25
23	0	2419	2 	4	0	25
23	0	2419	3 	16	1	13
23	0	2419	4 	13	1	5
23	0	2419	5 	18	1	25
23	0	2419	6 	50	1	18
23	0	2419	7 	62	1	15
23	0	2419	8 	67	1	1
23	0	2421	1 	9	0	30
23	0	2421	2 	5	0	22
23	0	2421	3 	3	0	9
23	0	2421	4 	8	0	5
23	0	2421	5 	4	0	6
23	0	2423	1 	1	0	20
23	0	2423	2 	8	0	20
23	0	2423	3 	19	0	17
23	0	2423	4 	33	0	10
23	0	2423	5 	26	0	25
23	0	2423	6 	36	0	20
23	0	2424	1 	2	1	19
23	0	2424	2 	7	1	15
23	0	2424	3 	13	1	25
23	0	2424	4 	20	1	15
23	0	2424	5 	23	0	10
23	0	2424	6 	42	1	10
23	0	2425	1 	3	1	36
23	0	2425	2 	7	1	35
23	0	2425	3 	2	1	12
23	0	2425	4 	26	0	5
23	0	2426	1 	1	1	30
23	0	2426	2 	11	0	10
23	0	2426	3 	19	1	15
23	0	2426	4 	18	1	25
23	0	2426	5 	20	1	10
23	0	2426	6 	21	1	10
23	0	2426	7 	31	1	13
23	0	2426	8 	32	1	10
23	0	2427	1 	3	1	25
23	0	2427	2 	5	1	14
23	0	2427	3 	12	1	10
23	0	2427	4 	8	1	20
23	0	2427	5 	26	0	5
23	0	2427	6 	10	1	25
23	0	2427	7 	63	1	10
23	0	2427	8 	35	1	15
23	0	2427	9 	47	1	5
23	0	2427	10 	47	0	5
23	0	2428	1 	7	1	30
23	0	2428	2 	8	1	10
23	0	2428	3 	13	0	10
23	0	2428	4 	3	1	25
23	0	2428	5 	28	1	10
23	0	2428	6 	45	1	19
23	0	2428	7 	50	0	1
23	0	2430	1 	9	1	29
23	0	2430	2 	4	0	25
23	0	2430	3 	38	1	20
23	0	2431	1 	10	1	25
23	0	2431	2 	18	1	36
23	0	2431	3 	33	1	25
23	0	2432	1 	18	1	25
23	0	2432	2 	6	1	25
23	0	2432	3 	38	1	19
23	0	2432	4 	31	1	15
23	0	2432	5 	5	1	10
23	0	2432	6 	2	1	10
23	0	2432	7 	7	1	5
23	0	2432	8 	7	0	5
23	0	2432	9 	43	1	5
23	0	2432	10 	23	1	5
23	0	2433	1 	1	1	20
23	0	2433	2 	13	1	15
23	0	2433	3 	2	1	15
23	0	2433	4 	6	1	15
23	0	2433	5 	8	1	15
23	0	2433	6 	4	1	15
23	0	2433	7 	7	1	11
23	0	2433	8 	11	1	1
23	0	2435	1 	10	1	30
23	0	2435	2 	15	1	5
23	0	2435	3 	3	1	25
23	0	2435	4 	28	1	19
23	0	2435	5 	38	1	5
23	0	2435	6 	39	1	6
23	0	2436	1 	6	1	34
23	0	2436	2 	20	1	25
23	0	2436	3 	32	1	24
23	0	2436	4 	31	1	6
23	0	2437	1 	5	0	30
23	0	2437	2 	3	0	5
23	0	2437	3 	14	0	5
23	0	2437	4 	20	0	23
23	0	2437	5 	17	0	5
23	0	2437	6 	29	0	25
23	0	2440	1 	12	0	28
23	0	2446	1 	11	1	25
23	0	2446	2 	7	1	20
23	0	2446	3 	13	1	20
23	0	2446	4 	5	0	15
23	0	2446	5 	1	1	1
23	0	2446	6 	26	0	1
23	0	2446	7 	6	1	1
23	0	2446	8 	46	1	1
23	0	2446	9 	36	1	10
23	0	2446	10 	32	1	17
23	0	2449	1 	5	1	10
23	0	2449	2 	6	1	25
23	0	2449	3 	31	1	17
23	0	2449	4 	18	1	21
23	0	2449	5 	26	0	14
23	0	2449	6 	33	1	17
23	0	2449	7 	34	1	20
23	0	2449	8 	45	0	4
23	0	2449	9 	68	1	5
23	0	2450	1 	12	1	15
23	0	2450	2 	7	1	21
23	0	2450	3 	10	1	30
23	0	2450	4 	11	1	10
23	0	2450	6 	8	1	1
23	0	2450	7 	5	1	1
23	0	2453	1 	7	0	25
23	0	2453	2 	10	0	15
23	0	2453	3 	16	0	15
23	0	2453	4 	12	0	10
23	0	2453	5 	22	0	10
23	0	2453	6 	29	0	20
23	0	2453	7 	36	0	15
23	0	2453	8 	41	0	10
23	0	2453	9 	39	0	14
23	0	2456	1 	10	1	15
23	0	2456	2 	7	1	25
23	0	2456	3 	35	0	5
23	0	2456	4 	37	1	5
23	0	2456	5 	18	1	25
23	0	2456	6 	38	1	15
23	0	2456	7 	29	1	20
23	0	2456	8 	23	1	15
23	0	2456	9 	50	1	3
23	0	2457	1 	8	1	41
23	0	2457	2 	1	1	10
23	0	2457	3 	15	1	10
23	0	2457	4 	10	1	17
23	0	2457	5 	23	1	10
23	0	2457	6 	29	1	10
23	0	2457	7 	30	1	10
23	0	2457	8 	39	1	5
23	0	2460	1 	5	0	25
23	0	2460	2 	1	0	5
23	0	2460	3 	29	0	27
23	0	2460	4 	19	0	20
23	0	2460	5 	7	0	15
23	0	2460	6 	38	0	6
23	0	2460	7 	45	0	10
23	0	2461	1 	11	0	25
23	0	2461	2 	5	0	15
23	0	2461	3 	16	0	19
23	0	2461	4 	1	0	10
23	0	2461	5 	29	0	25
23	0	2461	6 	39	0	20
23	0	2461	7 	38	0	5
23	0	2461	8 	43	0	10
23	0	2464	1 	2	1	30
23	0	2464	2 	4	1	26
23	0	2464	3 	31	1	1
23	0	2465	1 	8	1	15
23	0	2465	2 	5	0	10
23	0	2465	3 	13	0	20
23	0	2465	4 	12	0	10
23	0	2465	5 	11	1	15
23	0	2465	6 	10	1	27
23	0	2465	7 	42	1	10
23	0	2468	1 	35	0	10
23	0	2468	2 	3	0	25
23	0	2468	3 	21	0	12
23	0	2468	4 	27	0	10
23	0	2468	5 	29	0	25
23	0	2468	6 	37	0	20
23	0	2468	7 	54	0	5
23	0	2468	8 	41	0	11
23	0	2468	9 	50	0	1
23	0	2469	1 	5	0	25
23	0	2469	2 	7	1	15
23	0	2469	3 	47	1	5
23	0	2469	4 	29	0	25
23	0	2469	5 	17	0	11
23	0	2469	6 	31	1	15
23	0	2469	7 	38	1	10
23	0	2469	8 	37	1	10
23	0	2469	9 	45	0	10
23	0	2470	1 	4	0	25
23	0	2470	2 	5	0	15
23	0	2470	3 	13	0	20
23	0	2470	4 	43	0	5
23	0	2470	5 	41	0	5
23	0	2470	6 	29	0	25
23	0	2470	7 	31	1	15
23	0	2470	9 	45	0	5
23	0	2470	10 	38	0	7
23	0	2472	1 	7	1	26
23	0	2472	2 	10	1	20
23	0	2472	3 	4	1	10
23	0	2472	4 	24	1	5
23	0	2472	5 	8	1	20
23	0	2472	6 	12	1	10
23	0	2472	7 	11	1	5
23	0	2472	8 	60	1	19
23	0	2472	9 	41	1	10
23	0	2472	10 	45	1	1
23	0	2473	1 	3	1	25
23	0	2473	2 	3	0	5
23	0	2473	3 	48	1	14
23	0	2473	4 	8	1	20
23	0	2473	5 	5	0	15
23	0	2473	6 	29	1	15
23	0	2473	7 	23	1	5
23	0	2473	8 	38	1	10
23	0	2473	9 	45	1	20
23	0	2473	10 	39	1	5
23	0	2475	1 	4	0	36
23	0	2475	2 	10	0	25
23	0	2475	3 	1	0	5
23	0	2475	4 	11	0	10
23	0	2475	5 	8	0	5
23	0	2475	6 	12	0	5
23	0	2475	7 	5	0	10
23	0	2476	1 	2	1	25
23	0	2476	2 	7	1	20
23	0	2476	3 	13	1	19
23	0	2476	4 	5	0	20
23	0	2480	1 	2	1	34
23	0	2480	2 	9	1	32
23	0	2481	1 	10	0	34
23	0	2481	2 	4	1	23
23	0	2482	1 	2	1	30
23	0	2482	2 	8	1	20
23	0	2482	3 	10	1	28
23	0	2483	1 	9	0	30
23	0	2483	2 	37	0	6
23	0	2483	3 	6	0	25
23	0	2483	4 	28	0	16
23	0	2483	5 	31	0	20
23	0	2484	1 	20	1	27
23	0	2484	2 	3	1	15
23	0	2484	3 	3	0	10
23	0	2484	4 	19	1	15
23	0	2484	5 	22	1	15
23	0	2484	6 	29	1	12
23	0	2484	7 	27	1	10
23	0	2484	8 	36	1	10
23	0	2484	9 	41	1	10
23	0	2484	10 	39	1	10
23	0	2485	1 	10	1	25
23	0	2485	2 	8	1	20
23	0	2485	3 	3	1	25
23	0	2485	4 	33	1	10
23	0	2485	5 	41	1	10
23	0	2486	1 	11	1	25
23	0	2486	2 	10	1	30
23	0	2486	3 	13	1	21
23	0	2486	4 	23	1	17
23	0	2487	1 	10	1	25
23	0	2487	2 	8	1	25
23	0	2487	3 	30	1	15
23	0	2487	4 	22	1	11
23	0	2487	5 	33	1	20
23	0	2490	1 	10	0	10
23	0	2490	2 	8	0	10
23	0	2490	3 	5	0	10
23	0	2490	4 	39	0	25
23	0	2490	5 	57	0	25
23	0	2490	6 	31	1	15
23	0	2490	7 	37	0	5
23	0	2491	1 	5	0	25
23	0	2491	2 	16	0	25
23	0	2491	3 	41	0	5
23	0	2491	4 	38	0	10
23	0	2491	5 	22	0	20
23	0	2491	6 	3	0	5
23	0	2491	7 	52	0	5
23	0	2491	8 	56	0	5
23	0	2491	9 	29	0	25
23	0	2493	1 	8	1	20
23	0	2493	2 	10	1	25
23	0	2493	3 	7	1	25
23	0	2493	4 	45	1	24
23	0	2493	5 	50	1	1
23	0	2494	1 	5	0	36
23	0	2494	2 	10	1	5
23	0	2494	3 	4	0	5
23	0	2494	4 	11	1	5
23	0	2494	5 	7	1	5
23	0	2494	6 	7	0	5
23	0	2494	7 	3	1	5
23	0	2494	8 	26	0	5
23	0	2497	1 	7	1	25
23	0	2497	2 	9	1	15
23	0	2497	3 	20	1	25
23	0	2497	4 	3	0	10
23	0	2497	5 	26	0	18
23	0	2497	6 	33	1	10
23	0	2497	7 	31	1	19
23	0	2498	1 	3	0	25
23	0	2498	2 	3	1	5
23	0	2498	3 	14	1	10
23	0	2498	4 	5	1	10
23	0	2498	5 	10	1	25
23	0	2498	6 	18	1	25
23	0	2498	7 	5	0	14
23	0	2498	8 	34	0	5
23	0	2498	9 	38	0	5
23	0	2499	1 	3	1	20
23	0	2499	2 	10	1	25
23	0	2499	3 	14	1	10
23	0	2499	4 	18	1	25
23	0	2499	5 	26	1	5
23	0	2499	6 	36	1	5
23	0	2499	7 	27	1	9
23	0	2499	8 	34	1	10
23	0	2499	9 	38	1	5
23	0	2500	1 	8	1	36
23	0	2500	2 	8	0	5
23	0	2500	3 	14	1	5
23	0	2500	4 	5	1	15
23	0	2500	5 	26	1	20
23	0	2500	6 	36	1	5
23	0	2500	7 	27	0	5
23	0	2500	8 	34	1	5
23	0	2501	1 	9	0	15
23	0	2501	2 	11	0	10
23	0	2501	3 	38	0	7
23	0	2501	4 	13	0	15
23	0	2501	5 	5	0	15
23	0	2501	6 	3	0	10
23	0	2501	7 	1	1	5
23	0	2501	8 	7	0	25
23	0	2501	9 	34	0	20
23	0	2501	10 	7	1	5
23	0	2506	1 	3	1	29
23	0	2506	2 	5	0	15
23	0	2506	3 	13	1	15
23	0	2506	4 	15	1	5
23	0	2506	5 	3	0	23
23	0	2506	6 	11	1	15
23	0	2506	7 	27	1	15
23	0	2509	1 	5	0	30
23	0	2509	2 	6	0	15
23	0	2509	3 	3	0	5
23	0	2509	4 	11	0	5
23	0	2509	5 	18	0	5
23	0	2509	6 	29	0	25
23	0	2509	7 	45	0	13
23	0	2509	8 	31	0	1
23	0	2510	1 	2	1	25
23	0	2510	2 	5	1	25
23	0	2510	3 	10	1	25
23	0	2510	4 	29	1	25
23	0	2512	1 	1	1	28
23	0	2512	2 	18	1	22
23	0	2512	3 	10	1	18
23	0	2513	1 	11	0	20
23	0	2513	3 	20	0	8
23	0	2513	4 	17	0	5
23	0	2513	5 	22	0	22
23	0	2513	6 	29	0	25
23	0	2514	1 	10	1	30
23	0	2514	2 	3	1	15
23	0	2514	3 	17	1	10
23	0	2514	4 	27	1	25
23	0	2514	5 	29	1	10
23	0	2514	6 	38	1	1
23	0	2514	7 	35	1	4
23	0	2517	1 	3	1	25
23	0	2517	2 	3	0	25
23	0	2517	3 	22	0	25
23	0	2517	4 	28	0	9
23	0	2518	1 	11	1	25
23	0	2518	2 	12	1	10
23	0	2518	3 	19	1	5
23	0	2518	4 	13	1	5
23	0	2518	5 	56	1	32
23	0	2518	6 	64	1	20
23	0	2518	7 	71	1	25
23	0	2518	8 	72	1	1
23	0	2524	1 	10	1	25
23	0	2524	2 	12	1	10
23	0	2524	3 	14	1	5
23	0	2524	4 	13	1	5
23	0	2524	5 	4	1	5
23	0	2524	6 	27	1	20
23	0	2524	7 	26	1	1
23	0	2524	8 	29	1	25
23	0	2524	9 	36	1	1
23	0	2524	10 	45	1	15
23	0	2525	1 	2	1	25
23	0	2525	2 	7	1	25
23	0	2525	3 	22	1	19
23	0	2525	4 	30	1	19
23	0	2525	5 	33	1	5
23	0	2525	6 	28	1	4
23	0	2528	1 	8	1	25
23	0	2528	2 	3	1	25
23	0	2528	3 	14	1	5
23	0	2528	4 	13	1	5
23	0	2528	5 	9	1	5
23	0	2528	6 	26	1	10
23	0	2528	7 	30	1	23
23	0	2528	8 	23	1	5
23	0	2528	9 	36	1	5
23	0	2528	10 	45	1	7
23	0	2529	1 	8	1	44
23	0	2530	1 	10	1	30
23	0	2530	2 	9	1	1
23	0	2530	3 	38	1	27
23	0	2530	4 	7	1	25
23	0	2530	5 	54	1	30
23	0	2530	6 	60	1	1
23	0	2531	1 	8	1	20
23	0	2531	2 	4	1	5
23	0	2531	3 	18	1	25
23	0	2531	4 	20	1	5
23	0	2531	5 	17	1	15
23	0	2531	6 	72	1	4
23	0	2531	7 	29	1	10
23	0	2531	8 	45	0	10
23	0	2531	9 	39	1	25
23	0	2531	10 	52	1	1
23	0	2532	1 	3	0	30
23	0	2532	2 	3	1	5
23	0	2532	3 	19	0	10
23	0	2532	4 	1	0	5
23	0	2532	5 	23	0	20
23	0	2532	6 	29	0	18
23	0	2533	1 	7	1	25
23	0	2533	2 	18	1	25
23	0	2533	3 	20	1	5
23	0	2533	4 	17	1	5
23	0	2533	5 	22	1	5
23	0	2533	6 	38	1	25
23	0	2533	7 	39	1	17
23	0	2533	8 	46	1	1
23	0	2534	1 	1	0	25
23	0	2534	2 	5	0	15
23	0	2534	3 	16	0	10
23	0	2534	4 	56	0	13
23	0	2534	5 	26	0	10
23	0	2534	6 	27	0	10
23	0	2534	7 	25	0	5
23	0	2534	8 	29	0	25
23	0	2534	9 	21	0	5
23	0	2534	10 	61	0	5
23	0	2535	1 	4	0	28
23	0	2535	2 	14	0	20
23	0	2535	3 	6	0	15
23	0	2535	4 	10	0	15
23	0	2535	5 	26	0	15
23	0	2535	6 	32	0	1
23	0	2536	1 	2	1	30
23	0	2536	2 	33	1	25
23	0	2536	3 	6	1	22
23	0	2536	4 	46	1	25
23	0	2536	5 	63	1	5
23	0	2537	1 	11	1	25
23	0	2537	2 	19	1	22
23	0	2537	3 	13	1	20
23	0	2537	4 	55	1	25
23	0	2538	1 	8	1	25
23	0	2538	2 	8	0	5
23	0	2538	3 	19	0	5
23	0	2538	4 	61	0	5
23	0	2538	5 	5	0	15
23	0	2538	6 	26	0	27
23	0	2538	8 	38	0	5
23	0	2538	9 	55	0	30
23	0	2539	1 	27	0	33
23	0	2539	2 	7	0	25
23	0	2539	3 	5	0	15
23	0	2539	4 	1	0	10
23	0	2539	5 	16	0	10
23	0	2539	6 	29	0	5
23	0	2539	7 	45	0	5
23	0	2539	8 	47	0	3
23	0	2539	9 	53	0	16
23	0	2539	10 	34	0	1
23	0	2540	1 	4	1	25
23	0	2540	2 	10	1	27
23	0	2540	3 	13	0	11
23	0	2540	4 	27	0	15
23	0	2540	5 	29	0	20
23	0	2540	6 	39	1	9
23	0	2542	1 	7	1	25
23	0	2542	2 	31	1	15
23	0	2542	3 	18	1	25
23	0	2542	4 	20	1	5
23	0	2542	5 	17	1	10
23	0	2542	6 	22	1	10
23	0	2542	7 	38	1	16
23	0	2542	8 	23	1	5
23	0	2542	9 	28	1	10
23	0	2542	10 	46	1	1
23	0	2543	1 	12	1	15
23	0	2543	2 	10	1	25
23	0	2543	3 	14	1	20
23	0	2543	4 	18	1	15
23	0	2543	5 	27	1	5
23	0	2543	6 	25	1	5
23	0	2543	7 	23	1	19
23	0	2543	8 	29	1	5
23	0	2543	9 	33	1	10
23	0	2549	1 	1	0	20
23	0	2549	2 	7	0	10
23	0	2549	3 	9	0	10
23	0	2549	4 	10	0	15
23	0	2549	5 	3	0	5
23	0	2549	6 	4	0	5
23	0	2549	7 	25	1	27
23	0	2549	8 	18	0	15
23	0	2549	9 	32	1	1
23	0	2550	1 	8	1	25
23	0	2550	2 	10	1	25
23	0	2550	3 	17	1	5
23	0	2550	4 	26	1	20
23	0	2550	5 	27	0	5
23	0	2551	1 	5	0	25
23	0	2551	2 	13	0	30
23	0	2551	3 	26	0	15
23	0	2551	4 	27	0	2
23	0	2551	5 	29	0	20
23	0	2551	6 	38	0	1
23	0	2551	7 	35	0	1
23	0	2555	1 	1	0	24
23	0	2555	2 	5	0	25
23	0	2555	3 	7	0	20
23	0	2555	4 	26	0	20
23	0	2555	5 	29	0	10
23	0	2557	1 	4	1	25
23	0	2557	2 	10	1	8
23	0	2557	3 	19	1	15
23	0	2557	4 	18	1	5
23	0	2557	5 	5	1	5
23	0	2557	6 	29	1	15
23	0	2557	7 	22	1	5
23	0	2557	8 	27	1	25
23	0	2557	9 	28	1	5
23	0	2557	10 	38	1	10
23	0	2558	1 	7	1	25
23	0	2558	2 	7	0	4
23	0	2558	3 	19	1	5
23	0	2558	4 	18	1	25
23	0	2558	5 	29	1	5
23	0	2558	6 	22	1	5
23	0	2558	7 	2	1	20
23	0	2558	8 	28	1	5
23	0	2558	9 	38	1	10
23	0	2561	1 	3	1	15
23	0	2561	2 	6	1	20
23	0	2561	3 	8	1	25
23	0	2561	4 	17	1	10
23	0	2561	5 	27	1	20
23	0	2561	6 	33	1	5
23	0	2561	7 	38	1	14
23	0	2561	8 	35	1	1
23	0	2564	1 	9	1	10
23	0	2564	2 	1	0	20
23	0	2564	3 	57	0	10
23	0	2564	4 	52	0	20
23	0	2564	5 	26	0	12
23	0	2564	6 	29	0	25
23	0	2565	1 	10	1	25
23	0	2565	2 	14	0	15
23	0	2565	3 	19	1	5
23	0	2565	4 	22	0	10
23	0	2565	5 	17	0	5
23	0	2565	6 	12	0	5
23	0	2565	7 	27	0	19
23	0	2565	8 	36	1	1
23	0	2566	1 	10	1	25
23	0	2566	2 	57	1	25
23	0	2566	3 	4	1	5
23	0	2566	4 	27	1	20
23	0	2566	5 	29	1	17
23	0	2566	6 	31	1	15
23	0	2566	7 	28	1	6
23	0	2567	1 	7	0	29
23	0	2567	2 	5	0	15
23	0	2567	3 	29	0	11
23	0	2567	4 	22	0	25
23	0	2567	5 	26	0	16
23	0	2567	6 	33	0	2
23	0	2568	1 	8	1	20
23	0	2568	2 	1	0	5
23	0	2568	3 	8	0	5
23	0	2568	4 	10	1	25
23	0	2568	5 	18	1	22
23	0	2576	1 	12	0	25
23	0	2576	2 	5	0	15
23	0	2576	3 	26	0	19
23	0	2576	4 	38	0	10
23	0	2577	1 	10	1	25
23	0	2577	2 	3	0	4
23	0	2577	3 	4	1	25
23	0	2577	4 	8	1	1
23	0	2577	5 	18	1	20
23	0	2577	6 	27	1	15
23	0	2577	7 	27	0	5
23	0	2577	8 	36	1	2
23	0	2577	9 	23	1	1
23	0	2579	1 	7	1	25
23	0	2579	2 	7	0	5
23	0	2579	3 	2	1	25
23	0	2579	4 	5	1	10
23	0	2581	1 	7	1	25
23	0	2581	2 	8	1	20
23	0	2581	3 	6	1	5
23	0	2581	4 	18	1	25
23	0	2581	5 	22	1	10
23	0	2581	6 	32	1	10
23	0	2581	7 	39	1	10
23	0	2583	1 	2	1	20
23	0	2583	2 	5	1	5
23	0	2583	3 	19	1	25
23	0	2583	4 	18	1	5
23	0	2583	5 	29	1	5
23	0	2583	6 	22	0	5
23	0	2583	7 	27	0	24
23	0	2583	8 	28	1	18
23	0	2583	9 	31	1	6
23	0	2584	1 	5	0	25
23	0	2584	2 	1	0	25
23	0	2584	3 	19	1	13
23	0	2584	4 	18	0	10
23	0	2584	5 	29	0	10
23	0	2584	6 	22	0	25
23	0	2584	7 	25	0	1
23	0	2584	8 	38	0	7
23	0	2586	1 	9	0	35
23	0	2586	2 	9	1	15
23	0	2586	3 	3	0	10
23	0	2586	4 	22	0	5
23	0	2586	5 	29	0	17
23	0	2586	6 	31	1	8
23	0	2588	1 	6	1	28
23	0	2588	2 	11	1	25
23	0	2588	3 	18	1	15
23	0	2588	4 	17	1	10
23	0	2588	5 	20	1	7
23	0	2588	6 	31	1	10
23	0	2589	1 	6	1	25
23	0	2589	2 	5	0	20
23	0	2589	3 	20	1	10
23	0	2589	4 	4	0	18
23	0	2589	5 	21	1	20
23	0	2589	6 	33	0	15
23	0	2593	1 	10	1	25
23	0	2593	2 	1	0	5
23	0	2593	3 	13	0	5
23	0	2593	4 	41	1	3
23	0	2593	5 	18	1	25
23	0	2593	6 	17	1	5
23	0	2593	7 	32	1	20
23	0	2593	8 	29	1	5
23	0	2593	9 	29	0	5
23	0	2593	10 	31	1	15
23	0	2594	1 	2	1	30
23	0	2594	2 	8	1	25
23	0	2594	3 	4	1	20
23	0	2602	1 	5	0	25
23	0	2602	2 	9	0	5
23	0	2602	3 	13	1	5
23	0	2602	4 	33	1	5
23	0	2602	5 	18	1	25
23	0	2602	6 	17	1	9
23	0	2602	7 	26	1	5
23	0	2602	8 	29	0	10
23	0	2602	9 	29	1	10
23	0	2602	10 	31	1	15
23	0	2603	1 	1	0	25
23	0	2603	2 	5	0	25
23	0	2603	3 	6	0	15
23	0	2603	4 	29	0	25
23	0	2604	1 	7	0	25
23	0	2604	2 	8	0	25
23	0	2604	3 	7	1	5
23	0	2604	4 	41	0	5
23	0	2604	5 	18	0	5
23	0	2604	6 	3	0	5
23	0	2604	7 	26	0	9
23	0	2604	8 	29	0	20
23	0	2604	9 	29	1	5
23	0	2604	10 	31	1	10
23	0	2607	1 	10	1	41
23	0	2607	2 	3	0	19
23	0	2608	1 	8	1	37
23	0	2608	2 	18	0	7
23	0	2608	3 	28	1	7
23	0	2609	1 	3	0	30
23	0	2609	2 	12	0	20
23	0	2609	3 	14	0	23
23	0	2610	1 	11	1	30
23	0	2610	2 	14	1	26
23	0	2611	1 	5	0	15
23	0	2611	2 	7	1	5
23	0	2611	3 	19	1	20
23	0	2611	4 	15	0	10
23	0	2611	5 	19	0	5
23	0	2611	6 	7	0	5
23	0	2611	7 	26	0	10
23	0	2611	8 	17	1	10
23	0	2612	1 	3	0	20
23	0	2612	2 	10	1	10
23	0	2612	3 	2	0	20
23	0	2612	4 	12	0	10
23	0	2615	1 	4	1	30
23	0	2615	2 	11	1	25
23	0	2615	3 	12	1	10
23	0	2615	4 	15	1	10
23	0	2615	5 	18	1	20
23	0	2616	1 	8	1	25
23	0	2616	2 	5	1	10
23	0	2616	3 	17	1	20
23	0	2616	4 	27	1	10
23	0	2616	5 	33	1	5
23	0	2616	6 	38	1	5
23	0	2616	7 	35	1	5
23	0	2617	1 	8	0	29
23	0	2617	2 	5	0	25
23	0	2620	1 	4	0	25
23	0	2620	2 	7	0	26
23	0	2620	3 	20	0	25
23	0	2623	1 	2	1	16
23	0	2623	2 	8	1	6
23	0	2623	3 	5	1	6
23	0	2623	4 	10	1	5
23	0	2623	5 	4	1	4
23	0	2623	6 	6	1	3
23	0	2623	7 	11	1	2
23	0	2624	1 	3	0	17
23	0	2624	2 	5	0	16
23	0	2624	3 	13	0	15
23	0	2624	4 	16	0	20
23	0	2624	5 	29	1	15
23	0	2624	6 	6	1	5
23	0	2626	1 	8	1	20
23	0	2626	2 	11	1	5
23	0	2626	3 	18	1	25
23	0	2626	4 	5	1	5
23	0	2626	5 	26	1	5
23	0	2626	6 	29	0	10
23	0	2626	7 	29	1	9
23	0	2626	8 	31	1	15
23	0	2626	9 	33	1	5
23	0	2627	1 	11	0	28
23	0	2627	2 	9	0	10
23	0	2627	3 	6	0	25
23	0	2627	4 	20	0	25
23	0	2628	1 	9	1	20
23	0	2628	2 	10	1	20
23	0	2628	3 	2	1	17
23	0	2628	4 	18	1	15
23	0	2629	1 	8	1	20
23	0	2629	2 	10	1	5
23	0	2629	3 	18	1	25
23	0	2629	4 	23	1	5
23	0	2629	5 	17	1	5
23	0	2629	6 	1	1	5
23	0	2629	7 	33	1	5
23	0	2629	8 	43	1	10
23	0	2629	9 	34	1	10
23	0	2631	1 	7	1	25
23	0	2631	2 	3	0	5
23	0	2631	3 	10	1	17
23	0	2631	4 	18	1	25
23	0	2631	5 	29	0	5
23	0	2631	6 	28	1	1
23	0	2632	1 	8	1	20
23	0	2632	2 	4	1	25
23	0	2632	3 	13	1	21
23	0	2632	4 	17	1	10
23	0	2632	5 	10	1	10
23	0	2634	1 	2	1	34
23	0	2634	2 	14	1	10
23	0	2634	3 	18	1	34
23	0	2634	4 	30	1	1
23	0	2635	1 	1	1	25
23	0	2635	2 	11	1	15
23	0	2635	3 	7	1	5
23	0	2635	4 	2	1	20
23	0	2635	5 	18	1	22
23	0	2635	6 	23	1	5
23	0	2635	7 	26	1	5
23	0	2636	1 	10	1	25
23	0	2636	2 	15	1	5
23	0	2636	3 	18	1	5
23	0	2636	4 	5	0	5
23	0	2636	5 	17	1	20
23	0	2636	6 	25	1	5
23	0	2636	7 	27	0	14
23	0	2637	1 	6	0	25
23	0	2637	2 	1	0	5
23	0	2637	3 	16	0	5
23	0	2637	4 	7	0	5
23	0	2637	5 	22	0	28
23	0	2637	6 	29	0	25
23	0	2637	7 	24	0	1
23	0	2637	8 	27	0	4
23	0	2637	9 	45	1	1
23	0	2638	1 	6	1	25
23	0	2638	2 	10	1	22
23	0	2638	3 	17	1	5
23	0	2640	1 	1	0	30
23	0	2640	2 	10	0	15
23	0	2640	3 	13	0	1
23	0	2640	4 	5	0	15
23	0	2640	5 	22	0	16
23	0	2640	6 	26	0	19
23	0	2641	1 	1	0	25
23	0	2641	2 	10	0	15
23	0	2641	3 	6	0	5
23	0	2641	4 	15	0	5
23	0	2641	5 	4	0	25
23	0	2641	6 	22	0	17
23	0	2641	7 	26	0	5
23	0	2642	1 	7	1	40
23	0	2642	2 	10	1	10
23	0	2642	3 	4	1	5
23	0	2642	4 	29	1	18
23	0	2644	1 	4	0	33
23	0	2644	2 	12	0	5
23	0	2644	3 	16	0	28
23	0	2644	4 	29	0	25
23	0	2646	1 	7	1	25
23	0	2646	2 	10	1	25
23	0	2646	3 	11	1	16
23	0	2646	4 	3	1	15
23	0	2646	5 	18	1	5
23	0	2647	1 	8	1	20
23	0	2647	2 	11	1	25
23	0	2647	3 	18	1	1
23	0	2647	4 	9	1	25
23	0	2647	5 	2	1	22
23	0	2650	1 	10	1	25
23	0	2650	2 	3	1	1
23	0	2650	3 	18	1	25
23	0	2650	4 	8	1	20
23	0	2650	5 	30	1	15
23	0	2653	1 	2	1	25
23	0	2653	2 	10	1	28
23	0	2653	3 	11	1	15
23	0	2653	4 	3	1	5
23	0	2654	1 	9	0	25
23	0	2654	2 	6	0	25
23	0	2654	3 	35	0	21
23	0	2654	4 	55	0	5
23	0	2659	1 	5	1	10
23	0	2660	1 	10	1	25
23	0	2660	2 	7	1	25
23	0	2660	3 	14	1	1
23	0	2660	4 	57	1	1
23	0	2660	5 	18	1	25
23	0	2660	6 	29	1	1
23	0	2661	1 	5	0	25
23	0	2661	2 	1	0	5
23	0	2661	3 	27	0	1
23	0	2661	4 	57	0	21
23	0	2661	5 	18	0	1
23	0	2661	6 	22	0	10
23	0	2661	7 	29	0	25
23	0	2661	8 	32	0	1
23	0	2662	1 	4	1	25
23	0	2662	2 	10	1	13
23	0	2662	3 	14	1	1
23	0	2662	4 	57	1	1
23	0	2664	1 	7	0	25
23	0	2664	2 	11	0	5
23	0	2664	3 	16	0	25
23	0	2664	4 	24	0	5
23	0	2664	5 	23	0	5
23	0	2664	6 	26	0	5
23	0	2664	7 	1	0	5
23	0	2664	8 	5	0	10
23	0	2665	1 	7	1	25
23	0	2665	2 	18	1	1
23	0	2665	3 	9	1	18
23	0	2666	1 	2	1	27
23	0	2666	2 	6	1	5
23	0	2666	3 	14	1	25
23	0	2666	4 	5	1	5
23	0	2666	5 	11	1	6
23	0	2668	1 	10	1	25
23	0	2668	2 	4	1	3
23	0	2668	3 	27	1	8
23	0	2668	4 	57	1	25
23	0	2668	5 	18	1	1
23	0	2668	6 	29	1	25
23	0	2670	1 	6	1	15
23	0	2670	2 	8	1	10
23	0	2670	3 	14	1	15
23	0	2670	4 	18	1	25
23	0	2670	5 	33	1	21
23	0	2670	6 	29	1	1
23	0	2671	1 	5	0	10
23	0	2671	2 	8	1	1
23	0	2672	1 	5	0	25
23	0	2672	2 	12	0	16
23	0	2672	3 	7	0	15
23	0	2673	1 	2	1	35
23	0	2673	2 	12	1	20
23	0	2673	3 	9	1	3
23	0	2674	1 	2	1	20
23	0	2674	2 	6	1	15
23	0	2674	3 	13	1	10
23	0	2674	4 	2	0	1
23	0	2674	5 	18	1	18
23	0	2675	1 	1	1	10
23	0	2677	1 	5	0	23
23	0	2677	2 	1	0	5
23	0	2677	3 	28	0	25
23	0	2677	4 	17	0	1
23	0	2678	1 	10	1	46
23	0	2678	2 	18	1	15
23	0	2678	3 	21	1	14
23	0	2679	1 	4	1	25
23	0	2679	2 	12	0	5
23	0	2679	3 	21	1	10
23	0	2683	1 	6	1	25
23	0	2683	2 	32	1	23
23	0	2683	3 	33	1	9
23	0	2683	4 	31	1	10
23	0	2685	1 	4	1	15
23	0	2685	2 	8	1	20
23	0	2685	3 	13	1	10
23	0	2685	4 	1	1	20
23	0	2685	5 	7	1	5
23	0	2685	6 	18	1	8
23	0	2685	7 	17	1	1
23	0	2687	1 	7	1	25
23	0	2687	2 	9	1	9
23	0	2687	3 	2	1	25
23	0	2687	4 	38	1	13
23	0	2687	5 	31	1	1
23	0	2688	1 	7	0	28
23	0	2688	2 	7	1	5
23	0	2688	3 	17	1	5
23	0	2688	4 	26	0	37
23	0	2688	5 	27	0	1
23	0	2688	6 	45	0	1
23	0	2689	1 	6	1	30
23	0	2689	2 	2	1	16
23	0	2689	3 	16	1	25
23	0	2689	4 	25	1	5
23	0	2690	1 	6	1	30
23	0	2690	2 	9	0	19
23	0	2690	3 	3	0	6
23	0	2690	4 	8	0	10
23	0	2690	5 	9	1	3
23	0	2693	1 	1	1	25
23	0	2693	2 	8	1	10
23	0	2693	3 	16	1	12
23	0	2693	4 	24	1	25
23	0	2693	5 	26	1	5
23	0	2695	1 	4	0	20
23	0	2695	2 	12	0	15
23	0	2695	3 	6	0	4
23	0	2695	4 	9	0	12
23	0	2695	5 	10	1	10
23	0	2696	1 	5	0	25
23	0	2696	2 	12	1	10
23	0	2696	3 	13	0	25
23	0	2696	4 	17	0	1
23	0	2696	5 	21	0	7
23	0	2696	6 	29	0	10
23	0	2697	1 	10	1	25
23	0	2697	2 	6	1	25
23	0	2697	3 	17	1	16
23	0	2697	4 	21	1	1
23	0	2697	5 	29	1	10
23	0	2698	1 	10	1	25
23	0	2698	2 	15	1	15
23	0	2698	3 	24	1	5
23	0	2698	4 	34	1	15
23	0	2698	5 	27	0	14
23	0	2699	1 	7	1	25
23	0	2699	2 	7	0	5
23	0	2699	3 	17	1	5
23	0	2699	4 	24	0	25
23	0	2699	5 	34	1	4
23	0	2699	6 	27	0	1
23	0	2699	7 	2	1	10
23	0	2700	1 	7	1	30
23	0	2700	2 	13	1	15
23	0	2700	3 	15	1	14
23	0	2700	4 	23	1	15
23	0	2702	1 	1	1	18
23	0	2702	2 	10	1	5
23	0	2702	3 	8	1	5
23	0	2702	4 	3	1	5
23	0	2703	1 	7	1	25
23	0	2703	2 	12	1	25
23	0	2703	3 	33	1	10
23	0	2703	4 	41	1	10
23	0	2705	1 	2	1	15
23	0	2705	2 	1	1	10
23	0	2705	3 	5	0	5
23	0	2707	1 	8	1	26
23	0	2707	2 	1	1	8
23	0	2707	3 	10	1	10
23	0	2709	1 	9	0	20
23	0	2709	2 	3	0	15
23	0	2709	3 	6	0	15
23	0	2709	4 	12	0	5
23	0	2709	5 	18	0	5
23	0	2709	6 	17	0	5
23	0	2709	7 	10	0	5
23	0	2711	1 	6	0	15
23	0	2711	2 	7	0	25
23	0	2711	3 	15	0	10
23	0	2711	4 	57	0	5
23	0	2711	5 	11	0	5
23	0	2711	6 	1	0	5
23	0	2711	7 	22	0	5
23	0	2713	1 	8	0	40
23	0	2713	2 	13	0	10
23	0	2713	3 	10	1	1
23	0	2713	4 	26	1	15
23	0	2713	5 	39	1	2
23	0	2713	6 	3	0	1
23	0	2714	1 	2	1	10
23	0	2714	2 	8	1	20
23	0	2715	1 	6	1	25
23	0	2715	2 	7	1	15
23	0	2715	3 	8	1	8
23	0	2715	4 	5	1	10
23	0	2716	1 	2	1	25
23	0	2716	2 	11	1	15
23	0	2716	3 	13	1	15
23	0	2716	4 	18	1	12
23	0	2716	5 	22	1	1
23	0	2717	1 	10	0	10
23	0	2719	1 	10	1	25
23	0	2719	2 	12	1	4
23	0	2719	3 	14	1	30
23	0	2719	4 	7	0	4
23	0	2719	5 	6	0	5
23	0	2720	1 	7	0	25
23	0	2720	2 	1	0	25
23	0	2720	3 	17	0	1
23	0	2720	4 	5	0	15
23	0	2720	5 	29	0	2
23	0	2721	1 	7	0	25
23	0	2721	2 	5	0	4
23	0	2721	3 	22	0	25
23	0	2721	4 	29	0	13
23	0	2721	5 	26	0	1
23	0	2722	1 	7	1	25
23	0	2722	2 	3	0	1
23	0	2722	3 	11	1	10
23	0	2722	4 	18	1	28
23	0	2722	5 	22	1	1
23	0	2723	1 	10	1	25
23	0	2723	2 	16	1	5
23	0	2723	3 	57	1	26
23	0	2723	4 	25	1	11
23	0	2724	1 	10	1	25
23	0	2724	2 	8	1	20
23	0	2724	3 	16	1	1
23	0	2724	4 	25	0	10
23	0	2724	5 	18	1	12
23	0	2724	6 	29	1	1
23	0	2725	1 	2	1	30
23	0	2725	2 	13	1	15
23	0	2725	3 	11	1	12
23	0	2725	4 	18	1	1
23	0	2726	1 	7	1	36
23	0	2726	2 	8	1	20
23	0	2726	3 	29	1	10
23	0	2729	1 	7	1	25
23	0	2729	2 	1	1	21
23	0	2729	3 	33	1	15
23	0	2729	4 	28	1	6
23	0	2730	1 	8	1	20
23	0	2730	2 	10	1	5
23	0	2730	3 	1	1	5
23	0	2730	4 	7	1	10
23	0	2730	5 	18	1	10
23	0	2731	1 	6	1	30
23	0	2731	2 	16	1	25
23	0	2731	3 	18	1	7
23	0	2731	4 	27	1	5
23	0	2733	1 	4	1	19
23	0	2733	2 	10	1	19
23	0	2735	1 	8	1	20
23	0	2735	2 	29	1	10
23	0	2736	1 	6	1	15
23	0	2736	2 	7	1	30
23	0	2736	3 	23	1	10
23	0	2737	1 	6	0	25
23	0	2737	2 	13	0	9
23	0	2737	3 	57	0	26
23	0	2737	4 	25	0	1
23	0	2737	5 	27	0	1
23	0	2737	6 	20	1	7
23	0	2739	1 	10	0	10
23	0	2739	2 	3	0	5
23	0	2741	1 	2	1	25
23	0	2741	2 	4	1	5
23	0	2741	3 	10	1	8
23	0	2741	4 	19	1	15
23	0	2742	1 	8	1	30
23	0	2742	2 	12	1	15
23	0	2742	3 	13	1	21
23	0	2743	1 	4	0	30
23	0	2743	2 	6	0	25
23	0	2743	3 	14	0	1
23	0	2743	4 	16	0	2
23	0	2743	5 	25	0	10
23	0	2743	6 	23	0	1
23	0	2744	1 	10	1	22
23	0	2744	2 	18	1	32
23	0	2745	1 	7	1	25
23	0	2745	2 	2	1	25
23	0	2745	3 	13	1	10
23	0	2745	4 	6	1	1
23	0	2745	5 	18	1	7
23	0	2745	6 	22	1	1
23	0	2746	1 	7	1	25
23	0	2746	2 	18	1	25
23	0	2746	3 	16	1	1
23	0	2746	4 	22	1	16
23	0	2747	1 	10	1	30
23	0	2747	2 	4	1	10
23	0	2747	3 	13	1	10
23	0	2747	4 	14	1	5
23	0	2747	5 	25	1	1
23	0	2747	6 	22	1	10
23	0	2747	7 	20	1	4
23	0	2751	1 	5	0	20
23	0	2751	2 	3	0	10
23	0	2752	1 	6	0	30
23	0	2752	2 	1	0	21
23	0	2752	3 	7	0	15
23	0	2753	1 	7	0	25
23	0	2753	2 	15	0	19
23	0	2753	3 	1	0	5
23	0	2753	4 	7	1	5
23	0	2753	5 	22	0	10
23	0	2753	6 	20	0	5
23	0	2754	1 	9	0	16
23	0	2755	1 	7	0	25
23	0	2755	2 	5	0	25
23	0	2755	3 	26	0	4
23	0	2756	1 	10	1	30
23	0	2756	2 	7	1	25
23	0	2756	3 	6	1	11
23	0	2757	1 	9	0	22
23	0	2757	2 	5	0	20
23	0	2757	3 	3	0	20
23	0	2758	1 	10	1	25
23	0	2758	2 	8	1	25
23	0	2758	3 	18	1	16
23	0	2759	1 	7	1	50
23	0	2759	2 	57	1	13
23	0	2759	3 	25	1	2
23	0	2760	1 	5	0	25
23	0	2760	2 	26	0	10
23	0	2761	1 	10	1	25
23	0	2761	2 	8	1	20
23	0	2761	3 	38	1	11
23	0	2761	4 	18	1	11
23	0	2761	5 	29	1	1
23	0	2762	1 	7	0	28
23	0	2762	2 	1	0	11
23	0	2762	3 	13	1	6
23	0	2762	4 	5	0	4
23	0	2762	5 	5	1	10
23	0	2762	6 	12	0	1
23	0	2764	1 	9	0	10
23	0	2764	2 	5	0	25
23	0	2764	3 	13	0	22
23	0	2764	4 	17	0	1
23	0	2764	5 	20	1	1
23	0	2766	1 	12	0	30
23	0	2766	2 	3	0	10
23	0	2766	3 	14	0	8
23	0	2766	4 	9	0	1
23	0	2767	1 	4	1	20
23	0	2767	2 	13	0	5
23	0	2768	1 	11	0	25
23	0	2768	2 	6	0	20
23	0	2768	3 	3	0	7
23	0	2768	4 	17	0	6
23	0	2769	1 	7	0	25
23	0	2769	2 	6	0	5
23	0	2769	3 	21	0	19
23	0	2769	4 	20	0	5
23	0	2769	5 	5	0	5
23	0	2770	1 	5	0	25
23	0	2770	2 	11	0	25
23	0	2770	3 	13	0	7
23	0	2770	4 	17	0	1
23	0	2770	5 	20	1	1
23	0	2771	1 	10	1	25
23	0	2771	2 	6	1	25
23	0	2771	3 	13	1	1
23	0	2771	4 	15	1	1
23	0	2771	5 	20	1	7
23	0	2773	1 	5	0	25
23	0	2773	2 	11	0	1
23	0	2773	3 	13	0	25
23	0	2773	4 	15	0	1
23	0	2773	5 	20	1	7
23	0	2775	1 	3	1	25
23	0	2775	2 	17	1	25
23	0	2776	1 	8	1	12
23	0	2777	1 	12	1	10
23	0	2777	2 	10	1	5
23	0	2778	1 	2	0	25
23	0	2778	2 	5	0	10
23	0	2778	3 	13	1	5
23	0	2778	4 	20	0	5
23	0	2778	5 	11	0	10
23	0	2778	6 	17	0	5
23	0	2779	1 	1	1	30
23	0	2779	2 	13	1	17
23	0	2780	1 	5	1	19
23	0	2781	1 	10	0	11
23	0	2781	2 	5	0	10
23	0	2781	3 	4	0	10
23	0	2781	4 	3	0	10
23	0	2781	5 	6	0	2
23	0	2782	1 	7	1	25
23	0	2782	2 	5	1	25
23	0	2782	3 	17	1	1
23	0	2782	4 	29	1	7
23	0	2783	1 	8	1	20
23	0	2783	2 	10	1	25
23	0	2783	3 	15	0	1
23	0	2783	4 	26	0	10
23	0	2784	1 	10	1	25
23	0	2784	2 	19	1	25
23	0	2784	3 	4	1	4
23	0	2785	1 	2	1	32
23	0	2786	1 	7	0	25
23	0	2786	2 	12	0	10
23	0	2786	3 	22	0	10
23	0	2787	1 	6	0	10
23	0	2788	1 	8	0	25
23	0	2788	2 	4	0	22
23	0	2788	3 	18	0	10
23	0	2789	1 	5	0	25
23	0	2789	2 	14	0	5
23	0	2789	3 	6	0	15
23	0	2789	4 	22	0	10
23	0	2789	5 	1	0	4
23	0	2790	1 	7	1	25
23	0	2790	2 	2	1	25
23	0	2790	3 	18	1	1
23	0	2790	4 	17	1	1
23	0	2790	5 	20	1	1
23	0	2790	6 	9	1	7
23	0	2791	1 	9	1	25
23	0	2791	2 	2	1	25
23	0	2791	3 	18	1	1
23	0	2791	4 	17	1	1
23	0	2791	5 	20	1	1
23	0	2791	6 	7	1	7
23	0	2792	1 	9	1	25
23	0	2792	2 	2	1	25
23	0	2792	3 	18	1	1
23	0	2792	4 	17	1	1
23	0	2792	5 	20	1	1
23	0	2792	6 	7	1	7
23	0	2793	1 	2	1	26
23	0	2793	2 	7	1	25
23	0	2793	3 	18	1	1
23	0	2793	4 	17	1	1
23	0	2793	5 	20	1	1
23	0	2793	6 	9	1	6
23	0	2794	1 	5	0	19
23	0	2796	1 	7	1	21
23	0	2796	2 	2	1	2
23	0	2798	1 	1	1	28
23	0	2798	2 	69	0	1
23	0	2799	1 	11	0	11
23	0	2799	2 	8	0	1
23	0	2800	1 	8	1	25
23	0	2800	2 	14	1	5
23	0	2800	3 	18	1	9
23	0	2801	1 	4	0	25
23	0	2801	2 	13	0	22
23	0	2801	3 	18	0	1
23	0	2802	1 	10	1	25
23	0	2802	2 	4	1	22
23	0	2802	3 	18	1	1
23	0	2803	1 	5	0	25
23	0	2803	2 	13	0	22
23	0	2803	3 	7	0	1
23	0	2803	4 	18	0	1
23	0	2804	1 	11	1	10
23	0	2806	1 	3	0	26
23	0	2807	1 	5	0	15
23	0	2807	2 	11	0	10
23	0	2807	3 	13	0	10
23	0	2808	1 	11	0	37
23	0	2810	1 	10	1	10
23	0	2811	1 	10	1	30
23	0	2812	1 	7	0	25
23	0	2812	2 	3	0	5
23	0	2812	3 	52	0	10
23	0	2812	4 	1	0	5
23	0	2812	5 	6	0	5
23	0	2813	1 	4	1	30
23	0	2813	2 	22	1	13
23	0	2813	3 	17	1	5
23	0	2814	1 	5	0	10
23	0	2815	1 	11	0	16
23	0	2815	2 	11	1	5
23	0	2816	1 	8	1	10
23	0	2817	1 	9	0	12
23	0	2817	2 	4	0	1
23	0	2818	1 	6	0	15
23	0	2818	2 	5	0	5
23	0	2818	3 	3	0	28
23	0	2819	1 	10	1	25
23	0	2819	2 	8	1	20
23	0	2820	1 	4	1	20
23	0	2820	2 	10	1	25
23	0	2820	3 	18	1	3
23	0	2821	1 	7	0	18
23	0	2821	2 	1	0	20
23	0	2822	1 	2	1	12
23	0	2823	1 	8	1	11
23	0	2824	1 	11	1	25
23	0	2824	2 	10	1	1
23	0	2824	3 	3	1	5
23	0	2824	4 	18	1	9
23	0	2825	1 	6	0	25
23	0	2825	2 	13	0	10
23	0	2825	3 	3	0	13
23	0	2825	4 	18	0	1
23	0	2826	1 	8	1	38
23	0	2826	2 	10	1	1
23	0	2826	3 	36	1	1
23	0	2826	4 	27	1	9
23	0	2829	1 	9	1	30
23	0	2829	2 	6	1	13
23	0	2829	3 	10	1	5
23	0	2830	1 	7	0	15
23	0	2830	2 	4	1	25
23	0	2831	1 	7	0	11
23	0	2831	2 	3	0	1
23	0	2832	1 	11	1	37
23	0	2833	1 	12	1	10
23	0	2834	1 	3	0	10
23	0	2836	1 	11	0	13
23	0	2836	2 	13	0	3
23	0	2836	3 	5	0	2
23	0	2837	1 	1	1	23
23	0	2837	2 	8	1	16
23	0	2838	1 	6	1	25
23	0	2838	2 	12	1	10
23	0	2838	3 	10	1	13
23	0	2839	1 	5	0	25
23	0	2839	2 	15	0	22
23	0	2840	1 	8	1	30
23	0	2840	2 	13	1	5
23	0	2840	3 	18	1	1
23	0	2841	1 	7	1	10
23	0	2841	2 	8	0	2
23	0	2842	1 	8	1	28
23	0	2842	2 	10	1	1
23	0	2842	3 	13	1	1
23	0	2844	1 	5	0	23
23	0	2844	2 	1	0	15
23	0	2845	1 	5	0	10
23	0	2846	1 	2	1	10
23	0	2847	1 	11	0	29
23	0	2847	2 	6	0	9
23	0	2848	1 	5	0	19
23	0	2848	2 	3	1	1
23	0	2849	1 	8	0	25
23	0	2849	2 	5	0	13
23	0	2850	1 	10	1	25
23	0	2850	2 	12	1	4
23	0	2851	1 	1	1	13
23	0	2852	1 	2	1	19
23	0	2852	2 	3	0	4
23	0	2852	3 	3	1	7
23	0	2854	1 	6	0	15
23	0	2856	1 	10	1	25
23	0	2856	2 	3	1	4
23	0	2857	1 	5	0	25
23	0	2857	2 	26	0	10
23	0	2858	1 	2	0	10
23	0	2859	1 	1	1	11
23	0	2860	1 	2	1	10
23	0	2860	2 	13	0	10
23	0	2861	1 	5	0	15
23	0	2861	2 	7	0	14
23	0	2862	1 	11	1	20
23	0	2862	2 	2	1	9
23	0	2863	1 	6	0	19
23	0	2864	1 	5	0	10
23	0	2866	1 	2	1	20
23	0	2866	2 	12	1	5
23	0	2866	3 	14	1	5
23	0	2867	1 	6	0	28
23	0	2867	2 	20	1	1
23	0	2868	1 	10	1	25
23	0	2868	2 	3	0	4
23	0	2868	3 	3	1	1
23	0	2869	1 	10	1	22
23	0	2869	2 	1	1	1
23	0	2869	3 	20	1	7
23	0	2870	1 	1	1	28
23	0	2870	2 	4	1	1
23	0	2870	3 	20	1	1
23	0	2871	1 	11	1	28
23	0	2872	1 	1	1	15
23	0	2872	2 	5	1	10
23	0	2872	3 	13	0	5
23	0	2874	1 	5	0	10
23	0	2875	1 	7	1	25
23	0	2875	2 	10	1	4
23	0	2875	3 	13	1	1
23	0	2876	1 	3	1	20
23	0	2876	2 	3	0	5
23	0	2876	3 	13	0	5
23	0	2877	1 	7	1	25
23	0	2877	2 	2	1	4
23	0	2878	1 	7	1	25
23	0	2878	2 	10	1	4
23	0	2878	3 	13	1	1
23	0	2879	1 	5	0	20
23	0	2879	2 	11	0	5
23	0	2879	3 	13	0	5
23	0	2880	1 	1	1	20
23	0	2881	1 	5	1	25
23	0	2881	2 	3	0	4
23	0	2881	3 	13	0	1
23	0	2882	1 	3	0	10
23	0	2883	1 	6	0	23
23	0	2883	2 	13	0	6
23	0	2884	1 	2	1	20
23	0	2884	2 	11	1	5
23	0	2884	3 	5	1	5
23	0	2885	1 	12	0	28
23	0	2885	2 	3	0	1
23	0	2886	1 	7	1	25
23	0	2886	2 	11	1	4
23	0	2888	1 	5	0	19
23	0	2888	2 	10	1	1
23	0	2889	1 	6	0	10
23	0	2890	1 	10	1	19
23	0	2890	2 	8	1	1
23	0	2891	1 	10	0	10
23	0	2891	2 	10	1	10
23	0	2892	1 	1	1	19
23	0	2893	1 	11	1	11
23	0	2894	1 	5	0	15
23	0	2894	2 	9	0	5
23	0	2895	1 	11	0	10
23	0	2896	1 	8	1	17
23	0	2896	2 	10	1	3
23	0	2897	1 	3	0	11
23	0	2899	1 	2	1	10
23	0	2900	1 	2	1	19
